0.000000000000000000e+00 0.000000000000000000e+00 0.000000000000000000e+00 0.000000000000000000e+00 2.179999999999999993e-02 1.290000000000000001e-02 5.700000000000000205e-02
-7.081460291787813333e-01 1.932520488682180348e-01 6.791044448143160883e-01 6.926780782545380322e-02 2.179999999999999993e-02 1.290000000000000001e-02 5.700000000000000205e-02
2.083426194782815877e-01 -7.129092459003445459e-01 6.695922341386062460e-01 6.926780782545380322e-02 2.179999999999999993e-02 1.290000000000000001e-02 5.700000000000000205e-02
5.902003166885173568e-01 -6.833146722390999184e-01 4.298193165546952965e-01 6.926780782545380322e-02 2.179999999999999993e-02 1.290000000000000001e-02 5.700000000000000205e-02
6.796029539707281186e-01 -3.130995713594204033e-01 6.634067254473741126e-01 6.926780782545380322e-02 2.179999999999999993e-02 1.290000000000000001e-02 5.700000000000000205e-02
-2.110838975330092682e-01 -9.463643683382176597e-02 9.728759083386082640e-01 6.926780782545380322e-02 2.179999999999999993e-02 1.290000000000000001e-02 5.700000000000000205e-02
1.321840466142172044e-01 9.911851642425716369e-01 8.907749778530702975e-03 6.926780782545380322e-02 2.179999999999999993e-02 1.290000000000000001e-02 5.700000000000000205e-02
-6.672471805693522828e-01 -6.069892360613607929e-01 4.316772721928916479e-01 6.926780782545380322e-02 2.179999999999999993e-02 1.290000000000000001e-02 5.700000000000000205e-02
-2.573605784797578511e-01 -5.840333765977258063e-01 7.698509905588376556e-01 6.926780782545380322e-02 2.179999999999999993e-02 1.290000000000000001e-02 5.700000000000000205e-02
1.638705596058267489e-01 -3.560079482396831252e-01 9.200025980858120844e-01 6.926780782545380322e-02 2.179999999999999993e-02 1.290000000000000001e-02 5.700000000000000205e-02
-5.734694122757538759e-01 -8.177695103901811979e-01 4.884527674509401424e-02 6.926780782545380322e-02 2.179999999999999993e-02 1.290000000000000001e-02 5.700000000000000205e-02
-8.321545186855940912e-01 4.588091933392055566e-01 3.114690693127885601e-01 6.926780782545380322e-02 2.179999999999999993e-02 1.290000000000000001e-02 5.700000000000000205e-02
-6.015643810853913420e-01 7.964205697036564890e-01 6.192391752992663229e-02 6.926780782545380322e-02 2.179999999999999993e-02 1.290000000000000001e-02 5.700000000000000205e-02
-2.256637311224997389e-01 -8.739904427135120057e-01 4.303679663977227343e-01 6.926780782545380322e-02 2.179999999999999993e-02 1.290000000000000001e-02 5.700000000000000205e-02
-9.915397718282417117e-01 8.131979805125010008e-02 1.011729772602467520e-01 6.926780782545380322e-02 2.179999999999999993e-02 1.290000000000000001e-02 5.700000000000000205e-02
9.406999316247398601e-01 1.265508497910915013e-02 3.390036688081430882e-01 6.926780782545380322e-02 2.179999999999999993e-02 1.290000000000000001e-02 5.700000000000000205e-02
7.286859585343949952e-01 5.941543357756075006e-01 3.405839090647950207e-01 6.926780782545380322e-02 2.179999999999999993e-02 1.290000000000000001e-02 5.700000000000000205e-02
-5.795450616720161374e-01 -2.602005664547066277e-01 7.722843949661477581e-01 6.926780782545380322e-02 2.179999999999999993e-02 1.290000000000000001e-02 5.700000000000000205e-02
4.193831827983219296e-01 5.381862074816562425e-01 7.310768441569333032e-01 6.926780782545380322e-02 2.179999999999999993e-02 1.290000000000000001e-02 5.700000000000000205e-02
-3.335755019116831144e-01 3.501159031037401892e-01 8.752978001333152624e-01 6.926780782545380322e-02 2.179999999999999993e-02 1.290000000000000001e-02 5.700000000000000205e-02
-9.147844632724788649e-01 -4.037558470608146322e-01 1.227198922290094300e-02 6.926780782545380322e-02 2.179999999999999993e-02 1.290000000000000001e-02 5.700000000000000205e-02
-4.984399589842149481e-01 6.619915920865601100e-01 5.597541775587884239e-01 6.926780782545380322e-02 2.179999999999999993e-02 1.290000000000000001e-02 5.700000000000000205e-02
-8.820332743659188290e-01 -1.752531553202058001e-01 4.373827093766370355e-01 6.926780782545380322e-02 2.179999999999999993e-02 1.290000000000000001e-02 5.700000000000000205e-02
3.180742422543833547e-01 8.591612602856419922e-01 4.008375047805369795e-01 6.926780782545380322e-02 2.179999999999999993e-02 1.290000000000000001e-02 5.700000000000000205e-02
2.471989658971926740e-01 -9.391768506607305333e-01 2.384103908019748475e-01 6.926780782545380322e-02 2.179999999999999993e-02 1.290000000000000001e-02 5.700000000000000205e-02
7.353200094049123781e-01 2.237584682536299940e-01 6.397160554914569364e-01 6.926780782545380322e-02 2.179999999999999993e-02 1.290000000000000001e-02 5.700000000000000205e-02
8.773444078503921384e-01 -4.424305969144226580e-01 1.858008528710036189e-01 6.926780782545380322e-02 2.179999999999999993e-02 1.290000000000000001e-02 5.700000000000000205e-02
-3.056950512028258973e-02 7.088547074997918473e-01 7.046917829889075557e-01 6.926780782545380322e-02 2.179999999999999993e-02 1.290000000000000001e-02 5.700000000000000205e-02
-2.118902020864069924e-01 9.281397031354037264e-01 3.060379612458333787e-01 6.926780782545380322e-02 2.179999999999999993e-02 1.290000000000000001e-02 5.700000000000000205e-02
4.391522258227607556e-01 -1.432705424229090835e-02 8.982984237276905315e-01 6.926780782545380322e-02 2.179999999999999993e-02 1.290000000000000001e-02 5.700000000000000205e-02
1.076710457208257810e-01 2.738225059514960980e-01 9.557343674619149798e-01 6.926780782545380322e-02 2.179999999999999993e-02 1.290000000000000001e-02 5.700000000000000205e-02
7.081460291787811112e-01 -1.932520488682179793e-01 -6.791044448143161993e-01 6.926780782545380322e-02 2.179999999999999993e-02 1.290000000000000001e-02 5.700000000000000205e-02
-2.083426194782815044e-01 7.129092459003445459e-01 -6.695922341386062460e-01 6.926780782545380322e-02 2.179999999999999993e-02 1.290000000000000001e-02 5.700000000000000205e-02
-5.902003166885173568e-01 6.833146722390998073e-01 -4.298193165546954075e-01 6.926780782545380322e-02 2.179999999999999993e-02 1.290000000000000001e-02 5.700000000000000205e-02
-6.796029539707281186e-01 3.130995713594203478e-01 -6.634067254473741126e-01 6.926780782545380322e-02 2.179999999999999993e-02 1.290000000000000001e-02 5.700000000000000205e-02
2.110838975330091016e-01 9.463643683382169658e-02 -9.728759083386082640e-01 6.926780782545380322e-02 2.179999999999999993e-02 1.290000000000000001e-02 5.700000000000000205e-02
-1.321840466142172876e-01 -9.911851642425716369e-01 -8.907749778530803589e-03 6.926780782545380322e-02 2.179999999999999993e-02 1.290000000000000001e-02 5.700000000000000205e-02
6.672471805693523939e-01 6.069892360613607929e-01 -4.316772721928915368e-01 6.926780782545380322e-02 2.179999999999999993e-02 1.290000000000000001e-02 5.700000000000000205e-02
2.573605784797577400e-01 5.840333765977258063e-01 -7.698509905588376556e-01 6.926780782545380322e-02 2.179999999999999993e-02 1.290000000000000001e-02 5.700000000000000205e-02
-1.638705596058266656e-01 3.560079482396830697e-01 -9.200025980858120844e-01 6.926780782545380322e-02 2.179999999999999993e-02 1.290000000000000001e-02 5.700000000000000205e-02
5.734694122757538759e-01 8.177695103901811979e-01 -4.884527674509411832e-02 6.926780782545380322e-02 2.179999999999999993e-02 1.290000000000000001e-02 5.700000000000000205e-02
8.321545186855940912e-01 -4.588091933392055566e-01 -3.114690693127884491e-01 6.926780782545380322e-02 2.179999999999999993e-02 1.290000000000000001e-02 5.700000000000000205e-02
6.015643810853913420e-01 -7.964205697036564890e-01 -6.192391752992673637e-02 6.926780782545380322e-02 2.179999999999999993e-02 1.290000000000000001e-02 5.700000000000000205e-02
2.256637311224996834e-01 8.739904427135120057e-01 -4.303679663977227898e-01 6.926780782545380322e-02 2.179999999999999993e-02 1.290000000000000001e-02 5.700000000000000205e-02
9.915397718282417117e-01 -8.131979805125008620e-02 -1.011729772602468491e-01 6.926780782545380322e-02 2.179999999999999993e-02 1.290000000000000001e-02 5.700000000000000205e-02
-9.406999316247398601e-01 -1.265508497910921258e-02 -3.390036688081431993e-01 6.926780782545380322e-02 2.179999999999999993e-02 1.290000000000000001e-02 5.700000000000000205e-02
-7.286859585343948842e-01 -5.941543357756076116e-01 -3.405839090647951317e-01 6.926780782545380322e-02 2.179999999999999993e-02 1.290000000000000001e-02 5.700000000000000205e-02
5.795450616720162484e-01 2.602005664547066277e-01 -7.722843949661476470e-01 6.926780782545380322e-02 2.179999999999999993e-02 1.290000000000000001e-02 5.700000000000000205e-02
-4.193831827983220406e-01 -5.381862074816561314e-01 -7.310768441569333032e-01 6.926780782545380322e-02 2.179999999999999993e-02 1.290000000000000001e-02 5.700000000000000205e-02
3.335755019116831144e-01 -3.501159031037401337e-01 -8.752978001333152624e-01 6.926780782545380322e-02 2.179999999999999993e-02 1.290000000000000001e-02 5.700000000000000205e-02
9.147844632724788649e-01 4.037558470608146322e-01 -1.227198922290104188e-02 6.926780782545380322e-02 2.179999999999999993e-02 1.290000000000000001e-02 5.700000000000000205e-02
4.984399589842149481e-01 -6.619915920865599990e-01 -5.597541775587884239e-01 6.926780782545380322e-02 2.179999999999999993e-02 1.290000000000000001e-02 5.700000000000000205e-02
8.820332743659187180e-01 1.752531553202057724e-01 -4.373827093766370910e-01 6.926780782545380322e-02 2.179999999999999993e-02 1.290000000000000001e-02 5.700000000000000205e-02
-3.180742422543834103e-01 -8.591612602856419922e-01 -4.008375047805370905e-01 6.926780782545380322e-02 2.179999999999999993e-02 1.290000000000000001e-02 5.700000000000000205e-02
-2.471989658971927850e-01 9.391768506607305333e-01 -2.384103908019749307e-01 6.926780782545380322e-02 2.179999999999999993e-02 1.290000000000000001e-02 5.700000000000000205e-02
-7.353200094049124891e-01 -2.237584682536301606e-01 -6.397160554914567143e-01 6.926780782545380322e-02 2.179999999999999993e-02 1.290000000000000001e-02 5.700000000000000205e-02
-8.773444078503921384e-01 4.424305969144227690e-01 -1.858008528710037299e-01 6.926780782545380322e-02 2.179999999999999993e-02 1.290000000000000001e-02 5.700000000000000205e-02
3.056950512028252034e-02 -7.088547074997919584e-01 -7.046917829889074447e-01 6.926780782545380322e-02 2.179999999999999993e-02 1.290000000000000001e-02 5.700000000000000205e-02
2.118902020864069369e-01 -9.281397031354038374e-01 -3.060379612458332677e-01 6.926780782545380322e-02 2.179999999999999993e-02 1.290000000000000001e-02 5.700000000000000205e-02
-4.391522258227608666e-01 1.432705424229090488e-02 -8.982984237276904205e-01 6.926780782545380322e-02 2.179999999999999993e-02 1.290000000000000001e-02 5.700000000000000205e-02
-1.076710457208258365e-01 -2.738225059514961535e-01 -9.557343674619149798e-01 6.926780782545380322e-02 2.179999999999999993e-02 1.290000000000000001e-02 5.700000000000000205e-02
-7.081460291787813333e-01 1.932520488682180348e-01 6.791044448143160883e-01 9.795947326260998067e-02 2.179999999999999993e-02 1.290000000000000001e-02 5.700000000000000205e-02
2.083426194782815877e-01 -7.129092459003445459e-01 6.695922341386062460e-01 9.795947326260998067e-02 2.179999999999999993e-02 1.290000000000000001e-02 5.700000000000000205e-02
5.902003166885173568e-01 -6.833146722390999184e-01 4.298193165546952965e-01 9.795947326260998067e-02 2.179999999999999993e-02 1.290000000000000001e-02 5.700000000000000205e-02
6.796029539707281186e-01 -3.130995713594204033e-01 6.634067254473741126e-01 9.795947326260998067e-02 2.179999999999999993e-02 1.290000000000000001e-02 5.700000000000000205e-02
-2.110838975330092682e-01 -9.463643683382176597e-02 9.728759083386082640e-01 9.795947326260998067e-02 2.179999999999999993e-02 1.290000000000000001e-02 5.700000000000000205e-02
1.321840466142172044e-01 9.911851642425716369e-01 8.907749778530702975e-03 9.795947326260998067e-02 2.179999999999999993e-02 1.290000000000000001e-02 5.700000000000000205e-02
-6.672471805693522828e-01 -6.069892360613607929e-01 4.316772721928916479e-01 9.795947326260998067e-02 2.179999999999999993e-02 1.290000000000000001e-02 5.700000000000000205e-02
-2.573605784797578511e-01 -5.840333765977258063e-01 7.698509905588376556e-01 9.795947326260998067e-02 2.179999999999999993e-02 1.290000000000000001e-02 5.700000000000000205e-02
1.638705596058267489e-01 -3.560079482396831252e-01 9.200025980858120844e-01 9.795947326260998067e-02 2.179999999999999993e-02 1.290000000000000001e-02 5.700000000000000205e-02
-5.734694122757538759e-01 -8.177695103901811979e-01 4.884527674509401424e-02 9.795947326260998067e-02 2.179999999999999993e-02 1.290000000000000001e-02 5.700000000000000205e-02
-8.321545186855940912e-01 4.588091933392055566e-01 3.114690693127885601e-01 9.795947326260998067e-02 2.179999999999999993e-02 1.290000000000000001e-02 5.700000000000000205e-02
-6.015643810853913420e-01 7.964205697036564890e-01 6.192391752992663229e-02 9.795947326260998067e-02 2.179999999999999993e-02 1.290000000000000001e-02 5.700000000000000205e-02
-2.256637311224997389e-01 -8.739904427135120057e-01 4.303679663977227343e-01 9.795947326260998067e-02 2.179999999999999993e-02 1.290000000000000001e-02 5.700000000000000205e-02
-9.915397718282417117e-01 8.131979805125010008e-02 1.011729772602467520e-01 9.795947326260998067e-02 2.179999999999999993e-02 1.290000000000000001e-02 5.700000000000000205e-02
9.406999316247398601e-01 1.265508497910915013e-02 3.390036688081430882e-01 9.795947326260998067e-02 2.179999999999999993e-02 1.290000000000000001e-02 5.700000000000000205e-02
7.286859585343949952e-01 5.941543357756075006e-01 3.405839090647950207e-01 9.795947326260998067e-02 2.179999999999999993e-02 1.290000000000000001e-02 5.700000000000000205e-02
-5.795450616720161374e-01 -2.602005664547066277e-01 7.722843949661477581e-01 9.795947326260998067e-02 2.179999999999999993e-02 1.290000000000000001e-02 5.700000000000000205e-02
4.193831827983219296e-01 5.381862074816562425e-01 7.310768441569333032e-01 9.795947326260998067e-02 2.179999999999999993e-02 1.290000000000000001e-02 5.700000000000000205e-02
-3.335755019116831144e-01 3.501159031037401892e-01 8.752978001333152624e-01 9.795947326260998067e-02 2.179999999999999993e-02 1.290000000000000001e-02 5.700000000000000205e-02
-9.147844632724788649e-01 -4.037558470608146322e-01 1.227198922290094300e-02 9.795947326260998067e-02 2.179999999999999993e-02 1.290000000000000001e-02 5.700000000000000205e-02
-4.984399589842149481e-01 6.619915920865601100e-01 5.597541775587884239e-01 9.795947326260998067e-02 2.179999999999999993e-02 1.290000000000000001e-02 5.700000000000000205e-02
-8.820332743659188290e-01 -1.752531553202058001e-01 4.373827093766370355e-01 9.795947326260998067e-02 2.179999999999999993e-02 1.290000000000000001e-02 5.700000000000000205e-02
3.180742422543833547e-01 8.591612602856419922e-01 4.008375047805369795e-01 9.795947326260998067e-02 2.179999999999999993e-02 1.290000000000000001e-02 5.700000000000000205e-02
2.471989658971926740e-01 -9.391768506607305333e-01 2.384103908019748475e-01 9.795947326260998067e-02 2.179999999999999993e-02 1.290000000000000001e-02 5.700000000000000205e-02
7.353200094049123781e-01 2.237584682536299940e-01 6.397160554914569364e-01 9.795947326260998067e-02 2.179999999999999993e-02 1.290000000000000001e-02 5.700000000000000205e-02
8.773444078503921384e-01 -4.424305969144226580e-01 1.858008528710036189e-01 9.795947326260998067e-02 2.179999999999999993e-02 1.290000000000000001e-02 5.700000000000000205e-02
-3.056950512028258973e-02 7.088547074997918473e-01 7.046917829889075557e-01 9.795947326260998067e-02 2.179999999999999993e-02 1.290000000000000001e-02 5.700000000000000205e-02
-2.118902020864069924e-01 9.281397031354037264e-01 3.060379612458333787e-01 9.795947326260998067e-02 2.179999999999999993e-02 1.290000000000000001e-02 5.700000000000000205e-02
4.391522258227607556e-01 -1.432705424229090835e-02 8.982984237276905315e-01 9.795947326260998067e-02 2.179999999999999993e-02 1.290000000000000001e-02 5.700000000000000205e-02
1.076710457208257810e-01 2.738225059514960980e-01 9.557343674619149798e-01 9.795947326260998067e-02 2.179999999999999993e-02 1.290000000000000001e-02 5.700000000000000205e-02
7.081460291787811112e-01 -1.932520488682179793e-01 -6.791044448143161993e-01 9.795947326260998067e-02 2.179999999999999993e-02 1.290000000000000001e-02 5.700000000000000205e-02
-2.083426194782815044e-01 7.129092459003445459e-01 -6.695922341386062460e-01 9.795947326260998067e-02 2.179999999999999993e-02 1.290000000000000001e-02 5.700000000000000205e-02
-5.902003166885173568e-01 6.833146722390998073e-01 -4.298193165546954075e-01 9.795947326260998067e-02 2.179999999999999993e-02 1.290000000000000001e-02 5.700000000000000205e-02
-6.796029539707281186e-01 3.130995713594203478e-01 -6.634067254473741126e-01 9.795947326260998067e-02 2.179999999999999993e-02 1.290000000000000001e-02 5.700000000000000205e-02
2.110838975330091016e-01 9.463643683382169658e-02 -9.728759083386082640e-01 9.795947326260998067e-02 2.179999999999999993e-02 1.290000000000000001e-02 5.700000000000000205e-02
-1.321840466142172876e-01 -9.911851642425716369e-01 -8.907749778530803589e-03 9.795947326260998067e-02 2.179999999999999993e-02 1.290000000000000001e-02 5.700000000000000205e-02
6.672471805693523939e-01 6.069892360613607929e-01 -4.316772721928915368e-01 9.795947326260998067e-02 2.179999999999999993e-02 1.290000000000000001e-02 5.700000000000000205e-02
2.573605784797577400e-01 5.840333765977258063e-01 -7.698509905588376556e-01 9.795947326260998067e-02 2.179999999999999993e-02 1.290000000000000001e-02 5.700000000000000205e-02
-1.638705596058266656e-01 3.560079482396830697e-01 -9.200025980858120844e-01 9.795947326260998067e-02 2.179999999999999993e-02 1.290000000000000001e-02 5.700000000000000205e-02
5.734694122757538759e-01 8.177695103901811979e-01 -4.884527674509411832e-02 9.795947326260998067e-02 2.179999999999999993e-02 1.290000000000000001e-02 5.700000000000000205e-02
8.321545186855940912e-01 -4.588091933392055566e-01 -3.114690693127884491e-01 9.795947326260998067e-02 2.179999999999999993e-02 1.290000000000000001e-02 5.700000000000000205e-02
6.015643810853913420e-01 -7.964205697036564890e-01 -6.192391752992673637e-02 9.795947326260998067e-02 2.179999999999999993e-02 1.290000000000000001e-02 5.700000000000000205e-02
2.256637311224996834e-01 8.739904427135120057e-01 -4.303679663977227898e-01 9.795947326260998067e-02 2.179999999999999993e-02 1.290000000000000001e-02 5.700000000000000205e-02
9.915397718282417117e-01 -8.131979805125008620e-02 -1.011729772602468491e-01 9.795947326260998067e-02 2.179999999999999993e-02 1.290000000000000001e-02 5.700000000000000205e-02
-9.406999316247398601e-01 -1.265508497910921258e-02 -3.390036688081431993e-01 9.795947326260998067e-02 2.179999999999999993e-02 1.290000000000000001e-02 5.700000000000000205e-02
-7.286859585343948842e-01 -5.941543357756076116e-01 -3.405839090647951317e-01 9.795947326260998067e-02 2.179999999999999993e-02 1.290000000000000001e-02 5.700000000000000205e-02
5.795450616720162484e-01 2.602005664547066277e-01 -7.722843949661476470e-01 9.795947326260998067e-02 2.179999999999999993e-02 1.290000000000000001e-02 5.700000000000000205e-02
-4.193831827983220406e-01 -5.381862074816561314e-01 -7.310768441569333032e-01 9.795947326260998067e-02 2.179999999999999993e-02 1.290000000000000001e-02 5.700000000000000205e-02
3.335755019116831144e-01 -3.501159031037401337e-01 -8.752978001333152624e-01 9.795947326260998067e-02 2.179999999999999993e-02 1.290000000000000001e-02 5.700000000000000205e-02
9.147844632724788649e-01 4.037558470608146322e-01 -1.227198922290104188e-02 9.795947326260998067e-02 2.179999999999999993e-02 1.290000000000000001e-02 5.700000000000000205e-02
4.984399589842149481e-01 -6.619915920865599990e-01 -5.597541775587884239e-01 9.795947326260998067e-02 2.179999999999999993e-02 1.290000000000000001e-02 5.700000000000000205e-02
8.820332743659187180e-01 1.752531553202057724e-01 -4.373827093766370910e-01 9.795947326260998067e-02 2.179999999999999993e-02 1.290000000000000001e-02 5.700000000000000205e-02
-3.180742422543834103e-01 -8.591612602856419922e-01 -4.008375047805370905e-01 9.795947326260998067e-02 2.179999999999999993e-02 1.290000000000000001e-02 5.700000000000000205e-02
-2.471989658971927850e-01 9.391768506607305333e-01 -2.384103908019749307e-01 9.795947326260998067e-02 2.179999999999999993e-02 1.290000000000000001e-02 5.700000000000000205e-02
-7.353200094049124891e-01 -2.237584682536301606e-01 -6.397160554914567143e-01 9.795947326260998067e-02 2.179999999999999993e-02 1.290000000000000001e-02 5.700000000000000205e-02
-8.773444078503921384e-01 4.424305969144227690e-01 -1.858008528710037299e-01 9.795947326260998067e-02 2.179999999999999993e-02 1.290000000000000001e-02 5.700000000000000205e-02
3.056950512028252034e-02 -7.088547074997919584e-01 -7.046917829889074447e-01 9.795947326260998067e-02 2.179999999999999993e-02 1.290000000000000001e-02 5.700000000000000205e-02
2.118902020864069369e-01 -9.281397031354038374e-01 -3.060379612458332677e-01 9.795947326260998067e-02 2.179999999999999993e-02 1.290000000000000001e-02 5.700000000000000205e-02
-4.391522258227608666e-01 1.432705424229090488e-02 -8.982984237276904205e-01 9.795947326260998067e-02 2.179999999999999993e-02 1.290000000000000001e-02 5.700000000000000205e-02
-1.076710457208258365e-01 -2.738225059514961535e-01 -9.557343674619149798e-01 9.795947326260998067e-02 2.179999999999999993e-02 1.290000000000000001e-02 5.700000000000000205e-02
-7.081460291787813333e-01 1.932520488682180348e-01 6.791044448143160883e-01 1.199753624826030568e-01 2.179999999999999993e-02 1.290000000000000001e-02 5.700000000000000205e-02
2.083426194782815877e-01 -7.129092459003445459e-01 6.695922341386062460e-01 1.199753624826030568e-01 2.179999999999999993e-02 1.290000000000000001e-02 5.700000000000000205e-02
5.902003166885173568e-01 -6.833146722390999184e-01 4.298193165546952965e-01 1.199753624826030568e-01 2.179999999999999993e-02 1.290000000000000001e-02 5.700000000000000205e-02
6.796029539707281186e-01 -3.130995713594204033e-01 6.634067254473741126e-01 1.199753624826030568e-01 2.179999999999999993e-02 1.290000000000000001e-02 5.700000000000000205e-02
-2.110838975330092682e-01 -9.463643683382176597e-02 9.728759083386082640e-01 1.199753624826030568e-01 2.179999999999999993e-02 1.290000000000000001e-02 5.700000000000000205e-02
1.321840466142172044e-01 9.911851642425716369e-01 8.907749778530702975e-03 1.199753624826030568e-01 2.179999999999999993e-02 1.290000000000000001e-02 5.700000000000000205e-02
-6.672471805693522828e-01 -6.069892360613607929e-01 4.316772721928916479e-01 1.199753624826030568e-01 2.179999999999999993e-02 1.290000000000000001e-02 5.700000000000000205e-02
-2.573605784797578511e-01 -5.840333765977258063e-01 7.698509905588376556e-01 1.199753624826030568e-01 2.179999999999999993e-02 1.290000000000000001e-02 5.700000000000000205e-02
1.638705596058267489e-01 -3.560079482396831252e-01 9.200025980858120844e-01 1.199753624826030568e-01 2.179999999999999993e-02 1.290000000000000001e-02 5.700000000000000205e-02
-5.734694122757538759e-01 -8.177695103901811979e-01 4.884527674509401424e-02 1.199753624826030568e-01 2.179999999999999993e-02 1.290000000000000001e-02 5.700000000000000205e-02
-8.321545186855940912e-01 4.588091933392055566e-01 3.114690693127885601e-01 1.199753624826030568e-01 2.179999999999999993e-02 1.290000000000000001e-02 5.700000000000000205e-02
-6.015643810853913420e-01 7.964205697036564890e-01 6.192391752992663229e-02 1.199753624826030568e-01 2.179999999999999993e-02 1.290000000000000001e-02 5.700000000000000205e-02
-2.256637311224997389e-01 -8.739904427135120057e-01 4.303679663977227343e-01 1.199753624826030568e-01 2.179999999999999993e-02 1.290000000000000001e-02 5.700000000000000205e-02
-9.915397718282417117e-01 8.131979805125010008e-02 1.011729772602467520e-01 1.199753624826030568e-01 2.179999999999999993e-02 1.290000000000000001e-02 5.700000000000000205e-02
9.406999316247398601e-01 1.265508497910915013e-02 3.390036688081430882e-01 1.199753624826030568e-01 2.179999999999999993e-02 1.290000000000000001e-02 5.700000000000000205e-02
7.286859585343949952e-01 5.941543357756075006e-01 3.405839090647950207e-01 1.199753624826030568e-01 2.179999999999999993e-02 1.290000000000000001e-02 5.700000000000000205e-02
-5.795450616720161374e-01 -2.602005664547066277e-01 7.722843949661477581e-01 1.199753624826030568e-01 2.179999999999999993e-02 1.290000000000000001e-02 5.700000000000000205e-02
4.193831827983219296e-01 5.381862074816562425e-01 7.310768441569333032e-01 1.199753624826030568e-01 2.179999999999999993e-02 1.290000000000000001e-02 5.700000000000000205e-02
-3.335755019116831144e-01 3.501159031037401892e-01 8.752978001333152624e-01 1.199753624826030568e-01 2.179999999999999993e-02 1.290000000000000001e-02 5.700000000000000205e-02
-9.147844632724788649e-01 -4.037558470608146322e-01 1.227198922290094300e-02 1.199753624826030568e-01 2.179999999999999993e-02 1.290000000000000001e-02 5.700000000000000205e-02
-4.984399589842149481e-01 6.619915920865601100e-01 5.597541775587884239e-01 1.199753624826030568e-01 2.179999999999999993e-02 1.290000000000000001e-02 5.700000000000000205e-02
-8.820332743659188290e-01 -1.752531553202058001e-01 4.373827093766370355e-01 1.199753624826030568e-01 2.179999999999999993e-02 1.290000000000000001e-02 5.700000000000000205e-02
3.180742422543833547e-01 8.591612602856419922e-01 4.008375047805369795e-01 1.199753624826030568e-01 2.179999999999999993e-02 1.290000000000000001e-02 5.700000000000000205e-02
2.471989658971926740e-01 -9.391768506607305333e-01 2.384103908019748475e-01 1.199753624826030568e-01 2.179999999999999993e-02 1.290000000000000001e-02 5.700000000000000205e-02
7.353200094049123781e-01 2.237584682536299940e-01 6.397160554914569364e-01 1.199753624826030568e-01 2.179999999999999993e-02 1.290000000000000001e-02 5.700000000000000205e-02
8.773444078503921384e-01 -4.424305969144226580e-01 1.858008528710036189e-01 1.199753624826030568e-01 2.179999999999999993e-02 1.290000000000000001e-02 5.700000000000000205e-02
-3.056950512028258973e-02 7.088547074997918473e-01 7.046917829889075557e-01 1.199753624826030568e-01 2.179999999999999993e-02 1.290000000000000001e-02 5.700000000000000205e-02
-2.118902020864069924e-01 9.281397031354037264e-01 3.060379612458333787e-01 1.199753624826030568e-01 2.179999999999999993e-02 1.290000000000000001e-02 5.700000000000000205e-02
4.391522258227607556e-01 -1.432705424229090835e-02 8.982984237276905315e-01 1.199753624826030568e-01 2.179999999999999993e-02 1.290000000000000001e-02 5.700000000000000205e-02
1.076710457208257810e-01 2.738225059514960980e-01 9.557343674619149798e-01 1.199753624826030568e-01 2.179999999999999993e-02 1.290000000000000001e-02 5.700000000000000205e-02
7.081460291787811112e-01 -1.932520488682179793e-01 -6.791044448143161993e-01 1.199753624826030568e-01 2.179999999999999993e-02 1.290000000000000001e-02 5.700000000000000205e-02
-2.083426194782815044e-01 7.129092459003445459e-01 -6.695922341386062460e-01 1.199753624826030568e-01 2.179999999999999993e-02 1.290000000000000001e-02 5.700000000000000205e-02
-5.902003166885173568e-01 6.833146722390998073e-01 -4.298193165546954075e-01 1.199753624826030568e-01 2.179999999999999993e-02 1.290000000000000001e-02 5.700000000000000205e-02
-6.796029539707281186e-01 3.130995713594203478e-01 -6.634067254473741126e-01 1.199753624826030568e-01 2.179999999999999993e-02 1.290000000000000001e-02 5.700000000000000205e-02
2.110838975330091016e-01 9.463643683382169658e-02 -9.728759083386082640e-01 1.199753624826030568e-01 2.179999999999999993e-02 1.290000000000000001e-02 5.700000000000000205e-02
-1.321840466142172876e-01 -9.911851642425716369e-01 -8.907749778530803589e-03 1.199753624826030568e-01 2.179999999999999993e-02 1.290000000000000001e-02 5.700000000000000205e-02
6.672471805693523939e-01 6.069892360613607929e-01 -4.316772721928915368e-01 1.199753624826030568e-01 2.179999999999999993e-02 1.290000000000000001e-02 5.700000000000000205e-02
2.573605784797577400e-01 5.840333765977258063e-01 -7.698509905588376556e-01 1.199753624826030568e-01 2.179999999999999993e-02 1.290000000000000001e-02 5.700000000000000205e-02
-1.638705596058266656e-01 3.560079482396830697e-01 -9.200025980858120844e-01 1.199753624826030568e-01 2.179999999999999993e-02 1.290000000000000001e-02 5.700000000000000205e-02
5.734694122757538759e-01 8.177695103901811979e-01 -4.884527674509411832e-02 1.199753624826030568e-01 2.179999999999999993e-02 1.290000000000000001e-02 5.700000000000000205e-02
8.321545186855940912e-01 -4.588091933392055566e-01 -3.114690693127884491e-01 1.199753624826030568e-01 2.179999999999999993e-02 1.290000000000000001e-02 5.700000000000000205e-02
6.015643810853913420e-01 -7.964205697036564890e-01 -6.192391752992673637e-02 1.199753624826030568e-01 2.179999999999999993e-02 1.290000000000000001e-02 5.700000000000000205e-02
2.256637311224996834e-01 8.739904427135120057e-01 -4.303679663977227898e-01 1.199753624826030568e-01 2.179999999999999993e-02 1.290000000000000001e-02 5.700000000000000205e-02
9.915397718282417117e-01 -8.131979805125008620e-02 -1.011729772602468491e-01 1.199753624826030568e-01 2.179999999999999993e-02 1.290000000000000001e-02 5.700000000000000205e-02
-9.406999316247398601e-01 -1.265508497910921258e-02 -3.390036688081431993e-01 1.199753624826030568e-01 2.179999999999999993e-02 1.290000000000000001e-02 5.700000000000000205e-02
-7.286859585343948842e-01 -5.941543357756076116e-01 -3.405839090647951317e-01 1.199753624826030568e-01 2.179999999999999993e-02 1.290000000000000001e-02 5.700000000000000205e-02
5.795450616720162484e-01 2.602005664547066277e-01 -7.722843949661476470e-01 1.199753624826030568e-01 2.179999999999999993e-02 1.290000000000000001e-02 5.700000000000000205e-02
-4.193831827983220406e-01 -5.381862074816561314e-01 -7.310768441569333032e-01 1.199753624826030568e-01 2.179999999999999993e-02 1.290000000000000001e-02 5.700000000000000205e-02
3.335755019116831144e-01 -3.501159031037401337e-01 -8.752978001333152624e-01 1.199753624826030568e-01 2.179999999999999993e-02 1.290000000000000001e-02 5.700000000000000205e-02
9.147844632724788649e-01 4.037558470608146322e-01 -1.227198922290104188e-02 1.199753624826030568e-01 2.179999999999999993e-02 1.290000000000000001e-02 5.700000000000000205e-02
4.984399589842149481e-01 -6.619915920865599990e-01 -5.597541775587884239e-01 1.199753624826030568e-01 2.179999999999999993e-02 1.290000000000000001e-02 5.700000000000000205e-02
8.820332743659187180e-01 1.752531553202057724e-01 -4.373827093766370910e-01 1.199753624826030568e-01 2.179999999999999993e-02 1.290000000000000001e-02 5.700000000000000205e-02
-3.180742422543834103e-01 -8.591612602856419922e-01 -4.008375047805370905e-01 1.199753624826030568e-01 2.179999999999999993e-02 1.290000000000000001e-02 5.700000000000000205e-02
-2.471989658971927850e-01 9.391768506607305333e-01 -2.384103908019749307e-01 1.199753624826030568e-01 2.179999999999999993e-02 1.290000000000000001e-02 5.700000000000000205e-02
-7.353200094049124891e-01 -2.237584682536301606e-01 -6.397160554914567143e-01 1.199753624826030568e-01 2.179999999999999993e-02 1.290000000000000001e-02 5.700000000000000205e-02
-8.773444078503921384e-01 4.424305969144227690e-01 -1.858008528710037299e-01 1.199753624826030568e-01 2.179999999999999993e-02 1.290000000000000001e-02 5.700000000000000205e-02
3.056950512028252034e-02 -7.088547074997919584e-01 -7.046917829889074447e-01 1.199753624826030568e-01 2.179999999999999993e-02 1.290000000000000001e-02 5.700000000000000205e-02
2.118902020864069369e-01 -9.281397031354038374e-01 -3.060379612458332677e-01 1.199753624826030568e-01 2.179999999999999993e-02 1.290000000000000001e-02 5.700000000000000205e-02
-4.391522258227608666e-01 1.432705424229090488e-02 -8.982984237276904205e-01 1.199753624826030568e-01 2.179999999999999993e-02 1.290000000000000001e-02 5.700000000000000205e-02
-1.076710457208258365e-01 -2.738225059514961535e-01 -9.557343674619149798e-01 1.199753624826030568e-01 2.179999999999999993e-02 1.290000000000000001e-02 5.700000000000000205e-02
-7.081460291787813333e-01 1.932520488682180348e-01 6.791044448143160883e-01 1.385356156509076064e-01 2.179999999999999993e-02 1.290000000000000001e-02 5.700000000000000205e-02
2.083426194782815877e-01 -7.129092459003445459e-01 6.695922341386062460e-01 1.385356156509076064e-01 2.179999999999999993e-02 1.290000000000000001e-02 5.700000000000000205e-02
5.902003166885173568e-01 -6.833146722390999184e-01 4.298193165546952965e-01 1.385356156509076064e-01 2.179999999999999993e-02 1.290000000000000001e-02 5.700000000000000205e-02
6.796029539707281186e-01 -3.130995713594204033e-01 6.634067254473741126e-01 1.385356156509076064e-01 2.179999999999999993e-02 1.290000000000000001e-02 5.700000000000000205e-02
-2.110838975330092682e-01 -9.463643683382176597e-02 9.728759083386082640e-01 1.385356156509076064e-01 2.179999999999999993e-02 1.290000000000000001e-02 5.700000000000000205e-02
1.321840466142172044e-01 9.911851642425716369e-01 8.907749778530702975e-03 1.385356156509076064e-01 2.179999999999999993e-02 1.290000000000000001e-02 5.700000000000000205e-02
-6.672471805693522828e-01 -6.069892360613607929e-01 4.316772721928916479e-01 1.385356156509076064e-01 2.179999999999999993e-02 1.290000000000000001e-02 5.700000000000000205e-02
-2.573605784797578511e-01 -5.840333765977258063e-01 7.698509905588376556e-01 1.385356156509076064e-01 2.179999999999999993e-02 1.290000000000000001e-02 5.700000000000000205e-02
1.638705596058267489e-01 -3.560079482396831252e-01 9.200025980858120844e-01 1.385356156509076064e-01 2.179999999999999993e-02 1.290000000000000001e-02 5.700000000000000205e-02
-5.734694122757538759e-01 -8.177695103901811979e-01 4.884527674509401424e-02 1.385356156509076064e-01 2.179999999999999993e-02 1.290000000000000001e-02 5.700000000000000205e-02
-8.321545186855940912e-01 4.588091933392055566e-01 3.114690693127885601e-01 1.385356156509076064e-01 2.179999999999999993e-02 1.290000000000000001e-02 5.700000000000000205e-02
-6.015643810853913420e-01 7.964205697036564890e-01 6.192391752992663229e-02 1.385356156509076064e-01 2.179999999999999993e-02 1.290000000000000001e-02 5.700000000000000205e-02
-2.256637311224997389e-01 -8.739904427135120057e-01 4.303679663977227343e-01 1.385356156509076064e-01 2.179999999999999993e-02 1.290000000000000001e-02 5.700000000000000205e-02
-9.915397718282417117e-01 8.131979805125010008e-02 1.011729772602467520e-01 1.385356156509076064e-01 2.179999999999999993e-02 1.290000000000000001e-02 5.700000000000000205e-02
9.406999316247398601e-01 1.265508497910915013e-02 3.390036688081430882e-01 1.385356156509076064e-01 2.179999999999999993e-02 1.290000000000000001e-02 5.700000000000000205e-02
7.286859585343949952e-01 5.941543357756075006e-01 3.405839090647950207e-01 1.385356156509076064e-01 2.179999999999999993e-02 1.290000000000000001e-02 5.700000000000000205e-02
-5.795450616720161374e-01 -2.602005664547066277e-01 7.722843949661477581e-01 1.385356156509076064e-01 2.179999999999999993e-02 1.290000000000000001e-02 5.700000000000000205e-02
4.193831827983219296e-01 5.381862074816562425e-01 7.310768441569333032e-01 1.385356156509076064e-01 2.179999999999999993e-02 1.290000000000000001e-02 5.700000000000000205e-02
-3.335755019116831144e-01 3.501159031037401892e-01 8.752978001333152624e-01 1.385356156509076064e-01 2.179999999999999993e-02 1.290000000000000001e-02 5.700000000000000205e-02
-9.147844632724788649e-01 -4.037558470608146322e-01 1.227198922290094300e-02 1.385356156509076064e-01 2.179999999999999993e-02 1.290000000000000001e-02 5.700000000000000205e-02
-4.984399589842149481e-01 6.619915920865601100e-01 5.597541775587884239e-01 1.385356156509076064e-01 2.179999999999999993e-02 1.290000000000000001e-02 5.700000000000000205e-02
-8.820332743659188290e-01 -1.752531553202058001e-01 4.373827093766370355e-01 1.385356156509076064e-01 2.179999999999999993e-02 1.290000000000000001e-02 5.700000000000000205e-02
3.180742422543833547e-01 8.591612602856419922e-01 4.008375047805369795e-01 1.385356156509076064e-01 2.179999999999999993e-02 1.290000000000000001e-02 5.700000000000000205e-02
2.471989658971926740e-01 -9.391768506607305333e-01 2.384103908019748475e-01 1.385356156509076064e-01 2.179999999999999993e-02 1.290000000000000001e-02 5.700000000000000205e-02
7.353200094049123781e-01 2.237584682536299940e-01 6.397160554914569364e-01 1.385356156509076064e-01 2.179999999999999993e-02 1.290000000000000001e-02 5.700000000000000205e-02
8.773444078503921384e-01 -4.424305969144226580e-01 1.858008528710036189e-01 1.385356156509076064e-01 2.179999999999999993e-02 1.290000000000000001e-02 5.700000000000000205e-02
-3.056950512028258973e-02 7.088547074997918473e-01 7.046917829889075557e-01 1.385356156509076064e-01 2.179999999999999993e-02 1.290000000000000001e-02 5.700000000000000205e-02
-2.118902020864069924e-01 9.281397031354037264e-01 3.060379612458333787e-01 1.385356156509076064e-01 2.179999999999999993e-02 1.290000000000000001e-02 5.700000000000000205e-02
4.391522258227607556e-01 -1.432705424229090835e-02 8.982984237276905315e-01 1.385356156509076064e-01 2.179999999999999993e-02 1.290000000000000001e-02 5.700000000000000205e-02
1.076710457208257810e-01 2.738225059514960980e-01 9.557343674619149798e-01 1.385356156509076064e-01 2.179999999999999993e-02 1.290000000000000001e-02 5.700000000000000205e-02
7.081460291787811112e-01 -1.932520488682179793e-01 -6.791044448143161993e-01 1.385356156509076064e-01 2.179999999999999993e-02 1.290000000000000001e-02 5.700000000000000205e-02
-2.083426194782815044e-01 7.129092459003445459e-01 -6.695922341386062460e-01 1.385356156509076064e-01 2.179999999999999993e-02 1.290000000000000001e-02 5.700000000000000205e-02
-5.902003166885173568e-01 6.833146722390998073e-01 -4.298193165546954075e-01 1.385356156509076064e-01 2.179999999999999993e-02 1.290000000000000001e-02 5.700000000000000205e-02
-6.796029539707281186e-01 3.130995713594203478e-01 -6.634067254473741126e-01 1.385356156509076064e-01 2.179999999999999993e-02 1.290000000000000001e-02 5.700000000000000205e-02
2.110838975330091016e-01 9.463643683382169658e-02 -9.728759083386082640e-01 1.385356156509076064e-01 2.179999999999999993e-02 1.290000000000000001e-02 5.700000000000000205e-02
-1.321840466142172876e-01 -9.911851642425716369e-01 -8.907749778530803589e-03 1.385356156509076064e-01 2.179999999999999993e-02 1.290000000000000001e-02 5.700000000000000205e-02
6.672471805693523939e-01 6.069892360613607929e-01 -4.316772721928915368e-01 1.385356156509076064e-01 2.179999999999999993e-02 1.290000000000000001e-02 5.700000000000000205e-02
2.573605784797577400e-01 5.840333765977258063e-01 -7.698509905588376556e-01 1.385356156509076064e-01 2.179999999999999993e-02 1.290000000000000001e-02 5.700000000000000205e-02
-1.638705596058266656e-01 3.560079482396830697e-01 -9.200025980858120844e-01 1.385356156509076064e-01 2.179999999999999993e-02 1.290000000000000001e-02 5.700000000000000205e-02
5.734694122757538759e-01 8.177695103901811979e-01 -4.884527674509411832e-02 1.385356156509076064e-01 2.179999999999999993e-02 1.290000000000000001e-02 5.700000000000000205e-02
8.321545186855940912e-01 -4.588091933392055566e-01 -3.114690693127884491e-01 1.385356156509076064e-01 2.179999999999999993e-02 1.290000000000000001e-02 5.700000000000000205e-02
6.015643810853913420e-01 -7.964205697036564890e-01 -6.192391752992673637e-02 1.385356156509076064e-01 2.179999999999999993e-02 1.290000000000000001e-02 5.700000000000000205e-02
2.256637311224996834e-01 8.739904427135120057e-01 -4.303679663977227898e-01 1.385356156509076064e-01 2.179999999999999993e-02 1.290000000000000001e-02 5.700000000000000205e-02
9.915397718282417117e-01 -8.131979805125008620e-02 -1.011729772602468491e-01 1.385356156509076064e-01 2.179999999999999993e-02 1.290000000000000001e-02 5.700000000000000205e-02
-9.406999316247398601e-01 -1.265508497910921258e-02 -3.390036688081431993e-01 1.385356156509076064e-01 2.179999999999999993e-02 1.290000000000000001e-02 5.700000000000000205e-02
-7.286859585343948842e-01 -5.941543357756076116e-01 -3.405839090647951317e-01 1.385356156509076064e-01 2.179999999999999993e-02 1.290000000000000001e-02 5.700000000000000205e-02
5.795450616720162484e-01 2.602005664547066277e-01 -7.722843949661476470e-01 1.385356156509076064e-01 2.179999999999999993e-02 1.290000000000000001e-02 5.700000000000000205e-02
-4.193831827983220406e-01 -5.381862074816561314e-01 -7.310768441569333032e-01 1.385356156509076064e-01 2.179999999999999993e-02 1.290000000000000001e-02 5.700000000000000205e-02
3.335755019116831144e-01 -3.501159031037401337e-01 -8.752978001333152624e-01 1.385356156509076064e-01 2.179999999999999993e-02 1.290000000000000001e-02 5.700000000000000205e-02
9.147844632724788649e-01 4.037558470608146322e-01 -1.227198922290104188e-02 1.385356156509076064e-01 2.179999999999999993e-02 1.290000000000000001e-02 5.700000000000000205e-02
4.984399589842149481e-01 -6.619915920865599990e-01 -5.597541775587884239e-01 1.385356156509076064e-01 2.179999999999999993e-02 1.290000000000000001e-02 5.700000000000000205e-02
8.820332743659187180e-01 1.752531553202057724e-01 -4.373827093766370910e-01 1.385356156509076064e-01 2.179999999999999993e-02 1.290000000000000001e-02 5.700000000000000205e-02
-3.180742422543834103e-01 -8.591612602856419922e-01 -4.008375047805370905e-01 1.385356156509076064e-01 2.179999999999999993e-02 1.290000000000000001e-02 5.700000000000000205e-02
-2.471989658971927850e-01 9.391768506607305333e-01 -2.384103908019749307e-01 1.385356156509076064e-01 2.179999999999999993e-02 1.290000000000000001e-02 5.700000000000000205e-02
-7.353200094049124891e-01 -2.237584682536301606e-01 -6.397160554914567143e-01 1.385356156509076064e-01 2.179999999999999993e-02 1.290000000000000001e-02 5.700000000000000205e-02
-8.773444078503921384e-01 4.424305969144227690e-01 -1.858008528710037299e-01 1.385356156509076064e-01 2.179999999999999993e-02 1.290000000000000001e-02 5.700000000000000205e-02
3.056950512028252034e-02 -7.088547074997919584e-01 -7.046917829889074447e-01 1.385356156509076064e-01 2.179999999999999993e-02 1.290000000000000001e-02 5.700000000000000205e-02
2.118902020864069369e-01 -9.281397031354038374e-01 -3.060379612458332677e-01 1.385356156509076064e-01 2.179999999999999993e-02 1.290000000000000001e-02 5.700000000000000205e-02
-4.391522258227608666e-01 1.432705424229090488e-02 -8.982984237276904205e-01 1.385356156509076064e-01 2.179999999999999993e-02 1.290000000000000001e-02 5.700000000000000205e-02
-1.076710457208258365e-01 -2.738225059514961535e-01 -9.557343674619149798e-01 1.385356156509076064e-01 2.179999999999999993e-02 1.290000000000000001e-02 5.700000000000000205e-02
-7.081460291787813333e-01 1.932520488682180348e-01 6.791044448143160883e-01 1.548875269501065743e-01 2.179999999999999993e-02 1.290000000000000001e-02 5.700000000000000205e-02
2.083426194782815877e-01 -7.129092459003445459e-01 6.695922341386062460e-01 1.548875269501065743e-01 2.179999999999999993e-02 1.290000000000000001e-02 5.700000000000000205e-02
5.902003166885173568e-01 -6.833146722390999184e-01 4.298193165546952965e-01 1.548875269501065743e-01 2.179999999999999993e-02 1.290000000000000001e-02 5.700000000000000205e-02
6.796029539707281186e-01 -3.130995713594204033e-01 6.634067254473741126e-01 1.548875269501065743e-01 2.179999999999999993e-02 1.290000000000000001e-02 5.700000000000000205e-02
-2.110838975330092682e-01 -9.463643683382176597e-02 9.728759083386082640e-01 1.548875269501065743e-01 2.179999999999999993e-02 1.290000000000000001e-02 5.700000000000000205e-02
1.321840466142172044e-01 9.911851642425716369e-01 8.907749778530702975e-03 1.548875269501065743e-01 2.179999999999999993e-02 1.290000000000000001e-02 5.700000000000000205e-02
-6.672471805693522828e-01 -6.069892360613607929e-01 4.316772721928916479e-01 1.548875269501065743e-01 2.179999999999999993e-02 1.290000000000000001e-02 5.700000000000000205e-02
-2.573605784797578511e-01 -5.840333765977258063e-01 7.698509905588376556e-01 1.548875269501065743e-01 2.179999999999999993e-02 1.290000000000000001e-02 5.700000000000000205e-02
1.638705596058267489e-01 -3.560079482396831252e-01 9.200025980858120844e-01 1.548875269501065743e-01 2.179999999999999993e-02 1.290000000000000001e-02 5.700000000000000205e-02
-5.734694122757538759e-01 -8.177695103901811979e-01 4.884527674509401424e-02 1.548875269501065743e-01 2.179999999999999993e-02 1.290000000000000001e-02 5.700000000000000205e-02
-8.321545186855940912e-01 4.588091933392055566e-01 3.114690693127885601e-01 1.548875269501065743e-01 2.179999999999999993e-02 1.290000000000000001e-02 5.700000000000000205e-02
-6.015643810853913420e-01 7.964205697036564890e-01 6.192391752992663229e-02 1.548875269501065743e-01 2.179999999999999993e-02 1.290000000000000001e-02 5.700000000000000205e-02
-2.256637311224997389e-01 -8.739904427135120057e-01 4.303679663977227343e-01 1.548875269501065743e-01 2.179999999999999993e-02 1.290000000000000001e-02 5.700000000000000205e-02
-9.915397718282417117e-01 8.131979805125010008e-02 1.011729772602467520e-01 1.548875269501065743e-01 2.179999999999999993e-02 1.290000000000000001e-02 5.700000000000000205e-02
9.406999316247398601e-01 1.265508497910915013e-02 3.390036688081430882e-01 1.548875269501065743e-01 2.179999999999999993e-02 1.290000000000000001e-02 5.700000000000000205e-02
7.286859585343949952e-01 5.941543357756075006e-01 3.405839090647950207e-01 1.548875269501065743e-01 2.179999999999999993e-02 1.290000000000000001e-02 5.700000000000000205e-02
-5.795450616720161374e-01 -2.602005664547066277e-01 7.722843949661477581e-01 1.548875269501065743e-01 2.179999999999999993e-02 1.290000000000000001e-02 5.700000000000000205e-02
4.193831827983219296e-01 5.381862074816562425e-01 7.310768441569333032e-01 1.548875269501065743e-01 2.179999999999999993e-02 1.290000000000000001e-02 5.700000000000000205e-02
-3.335755019116831144e-01 3.501159031037401892e-01 8.752978001333152624e-01 1.548875269501065743e-01 2.179999999999999993e-02 1.290000000000000001e-02 5.700000000000000205e-02
-9.147844632724788649e-01 -4.037558470608146322e-01 1.227198922290094300e-02 1.548875269501065743e-01 2.179999999999999993e-02 1.290000000000000001e-02 5.700000000000000205e-02
-4.984399589842149481e-01 6.619915920865601100e-01 5.597541775587884239e-01 1.548875269501065743e-01 2.179999999999999993e-02 1.290000000000000001e-02 5.700000000000000205e-02
-8.820332743659188290e-01 -1.752531553202058001e-01 4.373827093766370355e-01 1.548875269501065743e-01 2.179999999999999993e-02 1.290000000000000001e-02 5.700000000000000205e-02
3.180742422543833547e-01 8.591612602856419922e-01 4.008375047805369795e-01 1.548875269501065743e-01 2.179999999999999993e-02 1.290000000000000001e-02 5.700000000000000205e-02
2.471989658971926740e-01 -9.391768506607305333e-01 2.384103908019748475e-01 1.548875269501065743e-01 2.179999999999999993e-02 1.290000000000000001e-02 5.700000000000000205e-02
7.353200094049123781e-01 2.237584682536299940e-01 6.397160554914569364e-01 1.548875269501065743e-01 2.179999999999999993e-02 1.290000000000000001e-02 5.700000000000000205e-02
8.773444078503921384e-01 -4.424305969144226580e-01 1.858008528710036189e-01 1.548875269501065743e-01 2.179999999999999993e-02 1.290000000000000001e-02 5.700000000000000205e-02
-3.056950512028258973e-02 7.088547074997918473e-01 7.046917829889075557e-01 1.548875269501065743e-01 2.179999999999999993e-02 1.290000000000000001e-02 5.700000000000000205e-02
-2.118902020864069924e-01 9.281397031354037264e-01 3.060379612458333787e-01 1.548875269501065743e-01 2.179999999999999993e-02 1.290000000000000001e-02 5.700000000000000205e-02
4.391522258227607556e-01 -1.432705424229090835e-02 8.982984237276905315e-01 1.548875269501065743e-01 2.179999999999999993e-02 1.290000000000000001e-02 5.700000000000000205e-02
1.076710457208257810e-01 2.738225059514960980e-01 9.557343674619149798e-01 1.548875269501065743e-01 2.179999999999999993e-02 1.290000000000000001e-02 5.700000000000000205e-02
7.081460291787811112e-01 -1.932520488682179793e-01 -6.791044448143161993e-01 1.548875269501065743e-01 2.179999999999999993e-02 1.290000000000000001e-02 5.700000000000000205e-02
-2.083426194782815044e-01 7.129092459003445459e-01 -6.695922341386062460e-01 1.548875269501065743e-01 2.179999999999999993e-02 1.290000000000000001e-02 5.700000000000000205e-02
-5.902003166885173568e-01 6.833146722390998073e-01 -4.298193165546954075e-01 1.548875269501065743e-01 2.179999999999999993e-02 1.290000000000000001e-02 5.700000000000000205e-02
-6.796029539707281186e-01 3.130995713594203478e-01 -6.634067254473741126e-01 1.548875269501065743e-01 2.179999999999999993e-02 1.290000000000000001e-02 5.700000000000000205e-02
2.110838975330091016e-01 9.463643683382169658e-02 -9.728759083386082640e-01 1.548875269501065743e-01 2.179999999999999993e-02 1.290000000000000001e-02 5.700000000000000205e-02
-1.321840466142172876e-01 -9.911851642425716369e-01 -8.907749778530803589e-03 1.548875269501065743e-01 2.179999999999999993e-02 1.290000000000000001e-02 5.700000000000000205e-02
6.672471805693523939e-01 6.069892360613607929e-01 -4.316772721928915368e-01 1.548875269501065743e-01 2.179999999999999993e-02 1.290000000000000001e-02 5.700000000000000205e-02
2.573605784797577400e-01 5.840333765977258063e-01 -7.698509905588376556e-01 1.548875269501065743e-01 2.179999999999999993e-02 1.290000000000000001e-02 5.700000000000000205e-02
-1.638705596058266656e-01 3.560079482396830697e-01 -9.200025980858120844e-01 1.548875269501065743e-01 2.179999999999999993e-02 1.290000000000000001e-02 5.700000000000000205e-02
5.734694122757538759e-01 8.177695103901811979e-01 -4.884527674509411832e-02 1.548875269501065743e-01 2.179999999999999993e-02 1.290000000000000001e-02 5.700000000000000205e-02
8.321545186855940912e-01 -4.588091933392055566e-01 -3.114690693127884491e-01 1.548875269501065743e-01 2.179999999999999993e-02 1.290000000000000001e-02 5.700000000000000205e-02
6.015643810853913420e-01 -7.964205697036564890e-01 -6.192391752992673637e-02 1.548875269501065743e-01 2.179999999999999993e-02 1.290000000000000001e-02 5.700000000000000205e-02
2.256637311224996834e-01 8.739904427135120057e-01 -4.303679663977227898e-01 1.548875269501065743e-01 2.179999999999999993e-02 1.290000000000000001e-02 5.700000000000000205e-02
9.915397718282417117e-01 -8.131979805125008620e-02 -1.011729772602468491e-01 1.548875269501065743e-01 2.179999999999999993e-02 1.290000000000000001e-02 5.700000000000000205e-02
-9.406999316247398601e-01 -1.265508497910921258e-02 -3.390036688081431993e-01 1.548875269501065743e-01 2.179999999999999993e-02 1.290000000000000001e-02 5.700000000000000205e-02
-7.286859585343948842e-01 -5.941543357756076116e-01 -3.405839090647951317e-01 1.548875269501065743e-01 2.179999999999999993e-02 1.290000000000000001e-02 5.700000000000000205e-02
5.795450616720162484e-01 2.602005664547066277e-01 -7.722843949661476470e-01 1.548875269501065743e-01 2.179999999999999993e-02 1.290000000000000001e-02 5.700000000000000205e-02
-4.193831827983220406e-01 -5.381862074816561314e-01 -7.310768441569333032e-01 1.548875269501065743e-01 2.179999999999999993e-02 1.290000000000000001e-02 5.700000000000000205e-02
3.335755019116831144e-01 -3.501159031037401337e-01 -8.752978001333152624e-01 1.548875269501065743e-01 2.179999999999999993e-02 1.290000000000000001e-02 5.700000000000000205e-02
9.147844632724788649e-01 4.037558470608146322e-01 -1.227198922290104188e-02 1.548875269501065743e-01 2.179999999999999993e-02 1.290000000000000001e-02 5.700000000000000205e-02
4.984399589842149481e-01 -6.619915920865599990e-01 -5.597541775587884239e-01 1.548875269501065743e-01 2.179999999999999993e-02 1.290000000000000001e-02 5.700000000000000205e-02
8.820332743659187180e-01 1.752531553202057724e-01 -4.373827093766370910e-01 1.548875269501065743e-01 2.179999999999999993e-02 1.290000000000000001e-02 5.700000000000000205e-02
-3.180742422543834103e-01 -8.591612602856419922e-01 -4.008375047805370905e-01 1.548875269501065743e-01 2.179999999999999993e-02 1.290000000000000001e-02 5.700000000000000205e-02
-2.471989658971927850e-01 9.391768506607305333e-01 -2.384103908019749307e-01 1.548875269501065743e-01 2.179999999999999993e-02 1.290000000000000001e-02 5.700000000000000205e-02
-7.353200094049124891e-01 -2.237584682536301606e-01 -6.397160554914567143e-01 1.548875269501065743e-01 2.179999999999999993e-02 1.290000000000000001e-02 5.700000000000000205e-02
-8.773444078503921384e-01 4.424305969144227690e-01 -1.858008528710037299e-01 1.548875269501065743e-01 2.179999999999999993e-02 1.290000000000000001e-02 5.700000000000000205e-02
3.056950512028252034e-02 -7.088547074997919584e-01 -7.046917829889074447e-01 1.548875269501065743e-01 2.179999999999999993e-02 1.290000000000000001e-02 5.700000000000000205e-02
2.118902020864069369e-01 -9.281397031354038374e-01 -3.060379612458332677e-01 1.548875269501065743e-01 2.179999999999999993e-02 1.290000000000000001e-02 5.700000000000000205e-02
-4.391522258227608666e-01 1.432705424229090488e-02 -8.982984237276904205e-01 1.548875269501065743e-01 2.179999999999999993e-02 1.290000000000000001e-02 5.700000000000000205e-02
-1.076710457208258365e-01 -2.738225059514961535e-01 -9.557343674619149798e-01 1.548875269501065743e-01 2.179999999999999993e-02 1.290000000000000001e-02 5.700000000000000205e-02
-7.081460291787813333e-01 1.932520488682180348e-01 6.791044448143160883e-01 2.190440412552689675e-01 2.179999999999999993e-02 1.290000000000000001e-02 5.700000000000000205e-02
2.083426194782815877e-01 -7.129092459003445459e-01 6.695922341386062460e-01 2.190440412552689675e-01 2.179999999999999993e-02 1.290000000000000001e-02 5.700000000000000205e-02
5.902003166885173568e-01 -6.833146722390999184e-01 4.298193165546952965e-01 2.190440412552689675e-01 2.179999999999999993e-02 1.290000000000000001e-02 5.700000000000000205e-02
6.796029539707281186e-01 -3.130995713594204033e-01 6.634067254473741126e-01 2.190440412552689675e-01 2.179999999999999993e-02 1.290000000000000001e-02 5.700000000000000205e-02
-2.110838975330092682e-01 -9.463643683382176597e-02 9.728759083386082640e-01 2.190440412552689675e-01 2.179999999999999993e-02 1.290000000000000001e-02 5.700000000000000205e-02
1.321840466142172044e-01 9.911851642425716369e-01 8.907749778530702975e-03 2.190440412552689675e-01 2.179999999999999993e-02 1.290000000000000001e-02 5.700000000000000205e-02
-6.672471805693522828e-01 -6.069892360613607929e-01 4.316772721928916479e-01 2.190440412552689675e-01 2.179999999999999993e-02 1.290000000000000001e-02 5.700000000000000205e-02
-2.573605784797578511e-01 -5.840333765977258063e-01 7.698509905588376556e-01 2.190440412552689675e-01 2.179999999999999993e-02 1.290000000000000001e-02 5.700000000000000205e-02
1.638705596058267489e-01 -3.560079482396831252e-01 9.200025980858120844e-01 2.190440412552689675e-01 2.179999999999999993e-02 1.290000000000000001e-02 5.700000000000000205e-02
-5.734694122757538759e-01 -8.177695103901811979e-01 4.884527674509401424e-02 2.190440412552689675e-01 2.179999999999999993e-02 1.290000000000000001e-02 5.700000000000000205e-02
-8.321545186855940912e-01 4.588091933392055566e-01 3.114690693127885601e-01 2.190440412552689675e-01 2.179999999999999993e-02 1.290000000000000001e-02 5.700000000000000205e-02
-6.015643810853913420e-01 7.964205697036564890e-01 6.192391752992663229e-02 2.190440412552689675e-01 2.179999999999999993e-02 1.290000000000000001e-02 5.700000000000000205e-02
-2.256637311224997389e-01 -8.739904427135120057e-01 4.303679663977227343e-01 2.190440412552689675e-01 2.179999999999999993e-02 1.290000000000000001e-02 5.700000000000000205e-02
-9.915397718282417117e-01 8.131979805125010008e-02 1.011729772602467520e-01 2.190440412552689675e-01 2.179999999999999993e-02 1.290000000000000001e-02 5.700000000000000205e-02
9.406999316247398601e-01 1.265508497910915013e-02 3.390036688081430882e-01 2.190440412552689675e-01 2.179999999999999993e-02 1.290000000000000001e-02 5.700000000000000205e-02
7.286859585343949952e-01 5.941543357756075006e-01 3.405839090647950207e-01 2.190440412552689675e-01 2.179999999999999993e-02 1.290000000000000001e-02 5.700000000000000205e-02
-5.795450616720161374e-01 -2.602005664547066277e-01 7.722843949661477581e-01 2.190440412552689675e-01 2.179999999999999993e-02 1.290000000000000001e-02 5.700000000000000205e-02
4.193831827983219296e-01 5.381862074816562425e-01 7.310768441569333032e-01 2.190440412552689675e-01 2.179999999999999993e-02 1.290000000000000001e-02 5.700000000000000205e-02
-3.335755019116831144e-01 3.501159031037401892e-01 8.752978001333152624e-01 2.190440412552689675e-01 2.179999999999999993e-02 1.290000000000000001e-02 5.700000000000000205e-02
-9.147844632724788649e-01 -4.037558470608146322e-01 1.227198922290094300e-02 2.190440412552689675e-01 2.179999999999999993e-02 1.290000000000000001e-02 5.700000000000000205e-02
-4.984399589842149481e-01 6.619915920865601100e-01 5.597541775587884239e-01 2.190440412552689675e-01 2.179999999999999993e-02 1.290000000000000001e-02 5.700000000000000205e-02
-8.820332743659188290e-01 -1.752531553202058001e-01 4.373827093766370355e-01 2.190440412552689675e-01 2.179999999999999993e-02 1.290000000000000001e-02 5.700000000000000205e-02
3.180742422543833547e-01 8.591612602856419922e-01 4.008375047805369795e-01 2.190440412552689675e-01 2.179999999999999993e-02 1.290000000000000001e-02 5.700000000000000205e-02
2.471989658971926740e-01 -9.391768506607305333e-01 2.384103908019748475e-01 2.190440412552689675e-01 2.179999999999999993e-02 1.290000000000000001e-02 5.700000000000000205e-02
7.353200094049123781e-01 2.237584682536299940e-01 6.397160554914569364e-01 2.190440412552689675e-01 2.179999999999999993e-02 1.290000000000000001e-02 5.700000000000000205e-02
8.773444078503921384e-01 -4.424305969144226580e-01 1.858008528710036189e-01 2.190440412552689675e-01 2.179999999999999993e-02 1.290000000000000001e-02 5.700000000000000205e-02
-3.056950512028258973e-02 7.088547074997918473e-01 7.046917829889075557e-01 2.190440412552689675e-01 2.179999999999999993e-02 1.290000000000000001e-02 5.700000000000000205e-02
-2.118902020864069924e-01 9.281397031354037264e-01 3.060379612458333787e-01 2.190440412552689675e-01 2.179999999999999993e-02 1.290000000000000001e-02 5.700000000000000205e-02
4.391522258227607556e-01 -1.432705424229090835e-02 8.982984237276905315e-01 2.190440412552689675e-01 2.179999999999999993e-02 1.290000000000000001e-02 5.700000000000000205e-02
1.076710457208257810e-01 2.738225059514960980e-01 9.557343674619149798e-01 2.190440412552689675e-01 2.179999999999999993e-02 1.290000000000000001e-02 5.700000000000000205e-02
7.081460291787811112e-01 -1.932520488682179793e-01 -6.791044448143161993e-01 2.190440412552689675e-01 2.179999999999999993e-02 1.290000000000000001e-02 5.700000000000000205e-02
-2.083426194782815044e-01 7.129092459003445459e-01 -6.695922341386062460e-01 2.190440412552689675e-01 2.179999999999999993e-02 1.290000000000000001e-02 5.700000000000000205e-02
-5.902003166885173568e-01 6.833146722390998073e-01 -4.298193165546954075e-01 2.190440412552689675e-01 2.179999999999999993e-02 1.290000000000000001e-02 5.700000000000000205e-02
-6.796029539707281186e-01 3.130995713594203478e-01 -6.634067254473741126e-01 2.190440412552689675e-01 2.179999999999999993e-02 1.290000000000000001e-02 5.700000000000000205e-02
2.110838975330091016e-01 9.463643683382169658e-02 -9.728759083386082640e-01 2.190440412552689675e-01 2.179999999999999993e-02 1.290000000000000001e-02 5.700000000000000205e-02
-1.321840466142172876e-01 -9.911851642425716369e-01 -8.907749778530803589e-03 2.190440412552689675e-01 2.179999999999999993e-02 1.290000000000000001e-02 5.700000000000000205e-02
6.672471805693523939e-01 6.069892360613607929e-01 -4.316772721928915368e-01 2.190440412552689675e-01 2.179999999999999993e-02 1.290000000000000001e-02 5.700000000000000205e-02
2.573605784797577400e-01 5.840333765977258063e-01 -7.698509905588376556e-01 2.190440412552689675e-01 2.179999999999999993e-02 1.290000000000000001e-02 5.700000000000000205e-02
-1.638705596058266656e-01 3.560079482396830697e-01 -9.200025980858120844e-01 2.190440412552689675e-01 2.179999999999999993e-02 1.290000000000000001e-02 5.700000000000000205e-02
5.734694122757538759e-01 8.177695103901811979e-01 -4.884527674509411832e-02 2.190440412552689675e-01 2.179999999999999993e-02 1.290000000000000001e-02 5.700000000000000205e-02
8.321545186855940912e-01 -4.588091933392055566e-01 -3.114690693127884491e-01 2.190440412552689675e-01 2.179999999999999993e-02 1.290000000000000001e-02 5.700000000000000205e-02
6.015643810853913420e-01 -7.964205697036564890e-01 -6.192391752992673637e-02 2.190440412552689675e-01 2.179999999999999993e-02 1.290000000000000001e-02 5.700000000000000205e-02
2.256637311224996834e-01 8.739904427135120057e-01 -4.303679663977227898e-01 2.190440412552689675e-01 2.179999999999999993e-02 1.290000000000000001e-02 5.700000000000000205e-02
9.915397718282417117e-01 -8.131979805125008620e-02 -1.011729772602468491e-01 2.190440412552689675e-01 2.179999999999999993e-02 1.290000000000000001e-02 5.700000000000000205e-02
-9.406999316247398601e-01 -1.265508497910921258e-02 -3.390036688081431993e-01 2.190440412552689675e-01 2.179999999999999993e-02 1.290000000000000001e-02 5.700000000000000205e-02
-7.286859585343948842e-01 -5.941543357756076116e-01 -3.405839090647951317e-01 2.190440412552689675e-01 2.179999999999999993e-02 1.290000000000000001e-02 5.700000000000000205e-02
5.795450616720162484e-01 2.602005664547066277e-01 -7.722843949661476470e-01 2.190440412552689675e-01 2.179999999999999993e-02 1.290000000000000001e-02 5.700000000000000205e-02
-4.193831827983220406e-01 -5.381862074816561314e-01 -7.310768441569333032e-01 2.190440412552689675e-01 2.179999999999999993e-02 1.290000000000000001e-02 5.700000000000000205e-02
3.335755019116831144e-01 -3.501159031037401337e-01 -8.752978001333152624e-01 2.190440412552689675e-01 2.179999999999999993e-02 1.290000000000000001e-02 5.700000000000000205e-02
9.147844632724788649e-01 4.037558470608146322e-01 -1.227198922290104188e-02 2.190440412552689675e-01 2.179999999999999993e-02 1.290000000000000001e-02 5.700000000000000205e-02
4.984399589842149481e-01 -6.619915920865599990e-01 -5.597541775587884239e-01 2.190440412552689675e-01 2.179999999999999993e-02 1.290000000000000001e-02 5.700000000000000205e-02
8.820332743659187180e-01 1.752531553202057724e-01 -4.373827093766370910e-01 2.190440412552689675e-01 2.179999999999999993e-02 1.290000000000000001e-02 5.700000000000000205e-02
-3.180742422543834103e-01 -8.591612602856419922e-01 -4.008375047805370905e-01 2.190440412552689675e-01 2.179999999999999993e-02 1.290000000000000001e-02 5.700000000000000205e-02
-2.471989658971927850e-01 9.391768506607305333e-01 -2.384103908019749307e-01 2.190440412552689675e-01 2.179999999999999993e-02 1.290000000000000001e-02 5.700000000000000205e-02
-7.353200094049124891e-01 -2.237584682536301606e-01 -6.397160554914567143e-01 2.190440412552689675e-01 2.179999999999999993e-02 1.290000000000000001e-02 5.700000000000000205e-02
-8.773444078503921384e-01 4.424305969144227690e-01 -1.858008528710037299e-01 2.190440412552689675e-01 2.179999999999999993e-02 1.290000000000000001e-02 5.700000000000000205e-02
3.056950512028252034e-02 -7.088547074997919584e-01 -7.046917829889074447e-01 2.190440412552689675e-01 2.179999999999999993e-02 1.290000000000000001e-02 5.700000000000000205e-02
2.118902020864069369e-01 -9.281397031354038374e-01 -3.060379612458332677e-01 2.190440412552689675e-01 2.179999999999999993e-02 1.290000000000000001e-02 5.700000000000000205e-02
-4.391522258227608666e-01 1.432705424229090488e-02 -8.982984237276904205e-01 2.190440412552689675e-01 2.179999999999999993e-02 1.290000000000000001e-02 5.700000000000000205e-02
-1.076710457208258365e-01 -2.738225059514961535e-01 -9.557343674619149798e-01 2.190440412552689675e-01 2.179999999999999993e-02 1.290000000000000001e-02 5.700000000000000205e-02
-7.081460291787813333e-01 1.932520488682180348e-01 6.791044448143160883e-01 2.497486328536594469e-01 2.179999999999999993e-02 1.290000000000000001e-02 5.700000000000000205e-02
2.083426194782815877e-01 -7.129092459003445459e-01 6.695922341386062460e-01 2.497486328536594469e-01 2.179999999999999993e-02 1.290000000000000001e-02 5.700000000000000205e-02
5.902003166885173568e-01 -6.833146722390999184e-01 4.298193165546952965e-01 2.497486328536594469e-01 2.179999999999999993e-02 1.290000000000000001e-02 5.700000000000000205e-02
6.796029539707281186e-01 -3.130995713594204033e-01 6.634067254473741126e-01 2.497486328536594469e-01 2.179999999999999993e-02 1.290000000000000001e-02 5.700000000000000205e-02
-2.110838975330092682e-01 -9.463643683382176597e-02 9.728759083386082640e-01 2.497486328536594469e-01 2.179999999999999993e-02 1.290000000000000001e-02 5.700000000000000205e-02
1.321840466142172044e-01 9.911851642425716369e-01 8.907749778530702975e-03 2.497486328536594469e-01 2.179999999999999993e-02 1.290000000000000001e-02 5.700000000000000205e-02
-6.672471805693522828e-01 -6.069892360613607929e-01 4.316772721928916479e-01 2.497486328536594469e-01 2.179999999999999993e-02 1.290000000000000001e-02 5.700000000000000205e-02
-2.573605784797578511e-01 -5.840333765977258063e-01 7.698509905588376556e-01 2.497486328536594469e-01 2.179999999999999993e-02 1.290000000000000001e-02 5.700000000000000205e-02
1.638705596058267489e-01 -3.560079482396831252e-01 9.200025980858120844e-01 2.497486328536594469e-01 2.179999999999999993e-02 1.290000000000000001e-02 5.700000000000000205e-02
-5.734694122757538759e-01 -8.177695103901811979e-01 4.884527674509401424e-02 2.497486328536594469e-01 2.179999999999999993e-02 1.290000000000000001e-02 5.700000000000000205e-02
-8.321545186855940912e-01 4.588091933392055566e-01 3.114690693127885601e-01 2.497486328536594469e-01 2.179999999999999993e-02 1.290000000000000001e-02 5.700000000000000205e-02
-6.015643810853913420e-01 7.964205697036564890e-01 6.192391752992663229e-02 2.497486328536594469e-01 2.179999999999999993e-02 1.290000000000000001e-02 5.700000000000000205e-02
-2.256637311224997389e-01 -8.739904427135120057e-01 4.303679663977227343e-01 2.497486328536594469e-01 2.179999999999999993e-02 1.290000000000000001e-02 5.700000000000000205e-02
-9.915397718282417117e-01 8.131979805125010008e-02 1.011729772602467520e-01 2.497486328536594469e-01 2.179999999999999993e-02 1.290000000000000001e-02 5.700000000000000205e-02
9.406999316247398601e-01 1.265508497910915013e-02 3.390036688081430882e-01 2.497486328536594469e-01 2.179999999999999993e-02 1.290000000000000001e-02 5.700000000000000205e-02
7.286859585343949952e-01 5.941543357756075006e-01 3.405839090647950207e-01 2.497486328536594469e-01 2.179999999999999993e-02 1.290000000000000001e-02 5.700000000000000205e-02
-5.795450616720161374e-01 -2.602005664547066277e-01 7.722843949661477581e-01 2.497486328536594469e-01 2.179999999999999993e-02 1.290000000000000001e-02 5.700000000000000205e-02
4.193831827983219296e-01 5.381862074816562425e-01 7.310768441569333032e-01 2.497486328536594469e-01 2.179999999999999993e-02 1.290000000000000001e-02 5.700000000000000205e-02
-3.335755019116831144e-01 3.501159031037401892e-01 8.752978001333152624e-01 2.497486328536594469e-01 2.179999999999999993e-02 1.290000000000000001e-02 5.700000000000000205e-02
-9.147844632724788649e-01 -4.037558470608146322e-01 1.227198922290094300e-02 2.497486328536594469e-01 2.179999999999999993e-02 1.290000000000000001e-02 5.700000000000000205e-02
-4.984399589842149481e-01 6.619915920865601100e-01 5.597541775587884239e-01 2.497486328536594469e-01 2.179999999999999993e-02 1.290000000000000001e-02 5.700000000000000205e-02
-8.820332743659188290e-01 -1.752531553202058001e-01 4.373827093766370355e-01 2.497486328536594469e-01 2.179999999999999993e-02 1.290000000000000001e-02 5.700000000000000205e-02
3.180742422543833547e-01 8.591612602856419922e-01 4.008375047805369795e-01 2.497486328536594469e-01 2.179999999999999993e-02 1.290000000000000001e-02 5.700000000000000205e-02
2.471989658971926740e-01 -9.391768506607305333e-01 2.384103908019748475e-01 2.497486328536594469e-01 2.179999999999999993e-02 1.290000000000000001e-02 5.700000000000000205e-02
7.353200094049123781e-01 2.237584682536299940e-01 6.397160554914569364e-01 2.497486328536594469e-01 2.179999999999999993e-02 1.290000000000000001e-02 5.700000000000000205e-02
8.773444078503921384e-01 -4.424305969144226580e-01 1.858008528710036189e-01 2.497486328536594469e-01 2.179999999999999993e-02 1.290000000000000001e-02 5.700000000000000205e-02
-3.056950512028258973e-02 7.088547074997918473e-01 7.046917829889075557e-01 2.497486328536594469e-01 2.179999999999999993e-02 1.290000000000000001e-02 5.700000000000000205e-02
-2.118902020864069924e-01 9.281397031354037264e-01 3.060379612458333787e-01 2.497486328536594469e-01 2.179999999999999993e-02 1.290000000000000001e-02 5.700000000000000205e-02
4.391522258227607556e-01 -1.432705424229090835e-02 8.982984237276905315e-01 2.497486328536594469e-01 2.179999999999999993e-02 1.290000000000000001e-02 5.700000000000000205e-02
1.076710457208257810e-01 2.738225059514960980e-01 9.557343674619149798e-01 2.497486328536594469e-01 2.179999999999999993e-02 1.290000000000000001e-02 5.700000000000000205e-02
7.081460291787811112e-01 -1.932520488682179793e-01 -6.791044448143161993e-01 2.497486328536594469e-01 2.179999999999999993e-02 1.290000000000000001e-02 5.700000000000000205e-02
-2.083426194782815044e-01 7.129092459003445459e-01 -6.695922341386062460e-01 2.497486328536594469e-01 2.179999999999999993e-02 1.290000000000000001e-02 5.700000000000000205e-02
-5.902003166885173568e-01 6.833146722390998073e-01 -4.298193165546954075e-01 2.497486328536594469e-01 2.179999999999999993e-02 1.290000000000000001e-02 5.700000000000000205e-02
-6.796029539707281186e-01 3.130995713594203478e-01 -6.634067254473741126e-01 2.497486328536594469e-01 2.179999999999999993e-02 1.290000000000000001e-02 5.700000000000000205e-02
2.110838975330091016e-01 9.463643683382169658e-02 -9.728759083386082640e-01 2.497486328536594469e-01 2.179999999999999993e-02 1.290000000000000001e-02 5.700000000000000205e-02
-1.321840466142172876e-01 -9.911851642425716369e-01 -8.907749778530803589e-03 2.497486328536594469e-01 2.179999999999999993e-02 1.290000000000000001e-02 5.700000000000000205e-02
6.672471805693523939e-01 6.069892360613607929e-01 -4.316772721928915368e-01 2.497486328536594469e-01 2.179999999999999993e-02 1.290000000000000001e-02 5.700000000000000205e-02
2.573605784797577400e-01 5.840333765977258063e-01 -7.698509905588376556e-01 2.497486328536594469e-01 2.179999999999999993e-02 1.290000000000000001e-02 5.700000000000000205e-02
-1.638705596058266656e-01 3.560079482396830697e-01 -9.200025980858120844e-01 2.497486328536594469e-01 2.179999999999999993e-02 1.290000000000000001e-02 5.700000000000000205e-02
5.734694122757538759e-01 8.177695103901811979e-01 -4.884527674509411832e-02 2.497486328536594469e-01 2.179999999999999993e-02 1.290000000000000001e-02 5.700000000000000205e-02
8.321545186855940912e-01 -4.588091933392055566e-01 -3.114690693127884491e-01 2.497486328536594469e-01 2.179999999999999993e-02 1.290000000000000001e-02 5.700000000000000205e-02
6.015643810853913420e-01 -7.964205697036564890e-01 -6.192391752992673637e-02 2.497486328536594469e-01 2.179999999999999993e-02 1.290000000000000001e-02 5.700000000000000205e-02
2.256637311224996834e-01 8.739904427135120057e-01 -4.303679663977227898e-01 2.497486328536594469e-01 2.179999999999999993e-02 1.290000000000000001e-02 5.700000000000000205e-02
9.915397718282417117e-01 -8.131979805125008620e-02 -1.011729772602468491e-01 2.497486328536594469e-01 2.179999999999999993e-02 1.290000000000000001e-02 5.700000000000000205e-02
-9.406999316247398601e-01 -1.265508497910921258e-02 -3.390036688081431993e-01 2.497486328536594469e-01 2.179999999999999993e-02 1.290000000000000001e-02 5.700000000000000205e-02
-7.286859585343948842e-01 -5.941543357756076116e-01 -3.405839090647951317e-01 2.497486328536594469e-01 2.179999999999999993e-02 1.290000000000000001e-02 5.700000000000000205e-02
5.795450616720162484e-01 2.602005664547066277e-01 -7.722843949661476470e-01 2.497486328536594469e-01 2.179999999999999993e-02 1.290000000000000001e-02 5.700000000000000205e-02
-4.193831827983220406e-01 -5.381862074816561314e-01 -7.310768441569333032e-01 2.497486328536594469e-01 2.179999999999999993e-02 1.290000000000000001e-02 5.700000000000000205e-02
3.335755019116831144e-01 -3.501159031037401337e-01 -8.752978001333152624e-01 2.497486328536594469e-01 2.179999999999999993e-02 1.290000000000000001e-02 5.700000000000000205e-02
9.147844632724788649e-01 4.037558470608146322e-01 -1.227198922290104188e-02 2.497486328536594469e-01 2.179999999999999993e-02 1.290000000000000001e-02 5.700000000000000205e-02
4.984399589842149481e-01 -6.619915920865599990e-01 -5.597541775587884239e-01 2.497486328536594469e-01 2.179999999999999993e-02 1.290000000000000001e-02 5.700000000000000205e-02
8.820332743659187180e-01 1.752531553202057724e-01 -4.373827093766370910e-01 2.497486328536594469e-01 2.179999999999999993e-02 1.290000000000000001e-02 5.700000000000000205e-02
-3.180742422543834103e-01 -8.591612602856419922e-01 -4.008375047805370905e-01 2.497486328536594469e-01 2.179999999999999993e-02 1.290000000000000001e-02 5.700000000000000205e-02
-2.471989658971927850e-01 9.391768506607305333e-01 -2.384103908019749307e-01 2.497486328536594469e-01 2.179999999999999993e-02 1.290000000000000001e-02 5.700000000000000205e-02
-7.353200094049124891e-01 -2.237584682536301606e-01 -6.397160554914567143e-01 2.497486328536594469e-01 2.179999999999999993e-02 1.290000000000000001e-02 5.700000000000000205e-02
-8.773444078503921384e-01 4.424305969144227690e-01 -1.858008528710037299e-01 2.497486328536594469e-01 2.179999999999999993e-02 1.290000000000000001e-02 5.700000000000000205e-02
3.056950512028252034e-02 -7.088547074997919584e-01 -7.046917829889074447e-01 2.497486328536594469e-01 2.179999999999999993e-02 1.290000000000000001e-02 5.700000000000000205e-02
2.118902020864069369e-01 -9.281397031354038374e-01 -3.060379612458332677e-01 2.497486328536594469e-01 2.179999999999999993e-02 1.290000000000000001e-02 5.700000000000000205e-02
-4.391522258227608666e-01 1.432705424229090488e-02 -8.982984237276904205e-01 2.497486328536594469e-01 2.179999999999999993e-02 1.290000000000000001e-02 5.700000000000000205e-02
-1.076710457208258365e-01 -2.738225059514961535e-01 -9.557343674619149798e-01 2.497486328536594469e-01 2.179999999999999993e-02 1.290000000000000001e-02 5.700000000000000205e-02
