0.000000000000000000e+00 0.000000000000000000e+00 0.000000000000000000e+00 0.000000000000000000e+00 2.179999999999999993e-02 1.290000000000000001e-02 5.700000000000000205e-02
9.355961645761095014e-01 2.969466790238690646e-01 1.910038917068675735e-01 6.926780782545380322e-02 2.179999999999999993e-02 1.290000000000000001e-02 5.700000000000000205e-02
4.260400779360430934e-01 -7.478060790613385578e-01 5.091914375862551800e-01 6.926780782545380322e-02 2.179999999999999993e-02 1.290000000000000001e-02 5.700000000000000205e-02
2.002652956729737421e-01 9.536472542266907215e-01 2.246123902524299054e-01 6.926780782545380322e-02 2.179999999999999993e-02 1.290000000000000001e-02 5.700000000000000205e-02
-7.637505696673777544e-01 3.147580430399296580e-01 5.635711504987012122e-01 6.926780782545380322e-02 2.179999999999999993e-02 1.290000000000000001e-02 5.700000000000000205e-02
7.778655384070616574e-02 3.611108804994167532e-02 9.963158341416823438e-01 6.926780782545380322e-02 2.179999999999999993e-02 1.290000000000000001e-02 5.700000000000000205e-02
-9.355961645761095014e-01 -2.969466790238688425e-01 -1.910038917068676567e-01 6.926780782545380322e-02 2.179999999999999993e-02 1.290000000000000001e-02 5.700000000000000205e-02
-4.260400779360431489e-01 7.478060790613384468e-01 -5.091914375862555131e-01 6.926780782545380322e-02 2.179999999999999993e-02 1.290000000000000001e-02 5.700000000000000205e-02
-2.002652956729738254e-01 -9.536472542266906105e-01 -2.246123902524299887e-01 6.926780782545380322e-02 2.179999999999999993e-02 1.290000000000000001e-02 5.700000000000000205e-02
7.637505696673777544e-01 -3.147580430399296580e-01 -5.635711504987012122e-01 6.926780782545380322e-02 2.179999999999999993e-02 1.290000000000000001e-02 5.700000000000000205e-02
-7.778655384070601309e-02 -3.611108804994158511e-02 -9.963158341416823438e-01 6.926780782545380322e-02 2.179999999999999993e-02 1.290000000000000001e-02 5.700000000000000205e-02
9.355961645761095014e-01 2.969466790238690646e-01 1.910038917068675735e-01 9.795947326260998067e-02 2.179999999999999993e-02 1.290000000000000001e-02 5.700000000000000205e-02
4.260400779360430934e-01 -7.478060790613385578e-01 5.091914375862551800e-01 9.795947326260998067e-02 2.179999999999999993e-02 1.290000000000000001e-02 5.700000000000000205e-02
2.002652956729737421e-01 9.536472542266907215e-01 2.246123902524299054e-01 9.795947326260998067e-02 2.179999999999999993e-02 1.290000000000000001e-02 5.700000000000000205e-02
-7.637505696673777544e-01 3.147580430399296580e-01 5.635711504987012122e-01 9.795947326260998067e-02 2.179999999999999993e-02 1.290000000000000001e-02 5.700000000000000205e-02
7.778655384070616574e-02 3.611108804994167532e-02 9.963158341416823438e-01 9.795947326260998067e-02 2.179999999999999993e-02 1.290000000000000001e-02 5.700000000000000205e-02
-9.355961645761095014e-01 -2.969466790238688425e-01 -1.910038917068676567e-01 9.795947326260998067e-02 2.179999999999999993e-02 1.290000000000000001e-02 5.700000000000000205e-02
-4.260400779360431489e-01 7.478060790613384468e-01 -5.091914375862555131e-01 9.795947326260998067e-02 2.179999999999999993e-02 1.290000000000000001e-02 5.700000000000000205e-02
-2.002652956729738254e-01 -9.536472542266906105e-01 -2.246123902524299887e-01 9.795947326260998067e-02 2.179999999999999993e-02 1.290000000000000001e-02 5.700000000000000205e-02
7.637505696673777544e-01 -3.147580430399296580e-01 -5.635711504987012122e-01 9.795947326260998067e-02 2.179999999999999993e-02 1.290000000000000001e-02 5.700000000000000205e-02
-7.778655384070601309e-02 -3.611108804994158511e-02 -9.963158341416823438e-01 9.795947326260998067e-02 2.179999999999999993e-02 1.290000000000000001e-02 5.700000000000000205e-02
9.355961645761095014e-01 2.969466790238690646e-01 1.910038917068675735e-01 1.199753624826030568e-01 2.179999999999999993e-02 1.290000000000000001e-02 5.700000000000000205e-02
4.260400779360430934e-01 -7.478060790613385578e-01 5.091914375862551800e-01 1.199753624826030568e-01 2.179999999999999993e-02 1.290000000000000001e-02 5.700000000000000205e-02
2.002652956729737421e-01 9.536472542266907215e-01 2.246123902524299054e-01 1.199753624826030568e-01 2.179999999999999993e-02 1.290000000000000001e-02 5.700000000000000205e-02
-7.637505696673777544e-01 3.147580430399296580e-01 5.635711504987012122e-01 1.199753624826030568e-01 2.179999999999999993e-02 1.290000000000000001e-02 5.700000000000000205e-02
7.778655384070616574e-02 3.611108804994167532e-02 9.963158341416823438e-01 1.199753624826030568e-01 2.179999999999999993e-02 1.290000000000000001e-02 5.700000000000000205e-02
-9.355961645761095014e-01 -2.969466790238688425e-01 -1.910038917068676567e-01 1.199753624826030568e-01 2.179999999999999993e-02 1.290000000000000001e-02 5.700000000000000205e-02
-4.260400779360431489e-01 7.478060790613384468e-01 -5.091914375862555131e-01 1.199753624826030568e-01 2.179999999999999993e-02 1.290000000000000001e-02 5.700000000000000205e-02
-2.002652956729738254e-01 -9.536472542266906105e-01 -2.246123902524299887e-01 1.199753624826030568e-01 2.179999999999999993e-02 1.290000000000000001e-02 5.700000000000000205e-02
7.637505696673777544e-01 -3.147580430399296580e-01 -5.635711504987012122e-01 1.199753624826030568e-01 2.179999999999999993e-02 1.290000000000000001e-02 5.700000000000000205e-02
-7.778655384070601309e-02 -3.611108804994158511e-02 -9.963158341416823438e-01 1.199753624826030568e-01 2.179999999999999993e-02 1.290000000000000001e-02 5.700000000000000205e-02
9.355961645761095014e-01 2.969466790238690646e-01 1.910038917068675735e-01 1.385356156509076064e-01 2.179999999999999993e-02 1.290000000000000001e-02 5.700000000000000205e-02
4.260400779360430934e-01 -7.478060790613385578e-01 5.091914375862551800e-01 1.385356156509076064e-01 2.179999999999999993e-02 1.290000000000000001e-02 5.700000000000000205e-02
2.002652956729737421e-01 9.536472542266907215e-01 2.246123902524299054e-01 1.385356156509076064e-01 2.179999999999999993e-02 1.290000000000000001e-02 5.700000000000000205e-02
-7.637505696673777544e-01 3.147580430399296580e-01 5.635711504987012122e-01 1.385356156509076064e-01 2.179999999999999993e-02 1.290000000000000001e-02 5.700000000000000205e-02
7.778655384070616574e-02 3.611108804994167532e-02 9.963158341416823438e-01 1.385356156509076064e-01 2.179999999999999993e-02 1.290000000000000001e-02 5.700000000000000205e-02
-9.355961645761095014e-01 -2.969466790238688425e-01 -1.910038917068676567e-01 1.385356156509076064e-01 2.179999999999999993e-02 1.290000000000000001e-02 5.700000000000000205e-02
-4.260400779360431489e-01 7.478060790613384468e-01 -5.091914375862555131e-01 1.385356156509076064e-01 2.179999999999999993e-02 1.290000000000000001e-02 5.700000000000000205e-02
-2.002652956729738254e-01 -9.536472542266906105e-01 -2.246123902524299887e-01 1.385356156509076064e-01 2.179999999999999993e-02 1.290000000000000001e-02 5.700000000000000205e-02
7.637505696673777544e-01 -3.147580430399296580e-01 -5.635711504987012122e-01 1.385356156509076064e-01 2.179999999999999993e-02 1.290000000000000001e-02 5.700000000000000205e-02
-7.778655384070601309e-02 -3.611108804994158511e-02 -9.963158341416823438e-01 1.385356156509076064e-01 2.179999999999999993e-02 1.290000000000000001e-02 5.700000000000000205e-02
9.355961645761095014e-01 2.969466790238690646e-01 1.910038917068675735e-01 1.548875269501065743e-01 2.179999999999999993e-02 1.290000000000000001e-02 5.700000000000000205e-02
4.260400779360430934e-01 -7.478060790613385578e-01 5.091914375862551800e-01 1.548875269501065743e-01 2.179999999999999993e-02 1.290000000000000001e-02 5.700000000000000205e-02
2.002652956729737421e-01 9.536472542266907215e-01 2.246123902524299054e-01 1.548875269501065743e-01 2.179999999999999993e-02 1.290000000000000001e-02 5.700000000000000205e-02
-7.637505696673777544e-01 3.147580430399296580e-01 5.635711504987012122e-01 1.548875269501065743e-01 2.179999999999999993e-02 1.290000000000000001e-02 5.700000000000000205e-02
7.778655384070616574e-02 3.611108804994167532e-02 9.963158341416823438e-01 1.548875269501065743e-01 2.179999999999999993e-02 1.290000000000000001e-02 5.700000000000000205e-02
-9.355961645761095014e-01 -2.969466790238688425e-01 -1.910038917068676567e-01 1.548875269501065743e-01 2.179999999999999993e-02 1.290000000000000001e-02 5.700000000000000205e-02
-4.260400779360431489e-01 7.478060790613384468e-01 -5.091914375862555131e-01 1.548875269501065743e-01 2.179999999999999993e-02 1.290000000000000001e-02 5.700000000000000205e-02
-2.002652956729738254e-01 -9.536472542266906105e-01 -2.246123902524299887e-01 1.548875269501065743e-01 2.179999999999999993e-02 1.290000000000000001e-02 5.700000000000000205e-02
7.637505696673777544e-01 -3.147580430399296580e-01 -5.635711504987012122e-01 1.548875269501065743e-01 2.179999999999999993e-02 1.290000000000000001e-02 5.700000000000000205e-02
-7.778655384070601309e-02 -3.611108804994158511e-02 -9.963158341416823438e-01 1.548875269501065743e-01 2.179999999999999993e-02 1.290000000000000001e-02 5.700000000000000205e-02
9.355961645761095014e-01 2.969466790238690646e-01 1.910038917068675735e-01 2.190440412552689675e-01 2.179999999999999993e-02 1.290000000000000001e-02 5.700000000000000205e-02
4.260400779360430934e-01 -7.478060790613385578e-01 5.091914375862551800e-01 2.190440412552689675e-01 2.179999999999999993e-02 1.290000000000000001e-02 5.700000000000000205e-02
2.002652956729737421e-01 9.536472542266907215e-01 2.246123902524299054e-01 2.190440412552689675e-01 2.179999999999999993e-02 1.290000000000000001e-02 5.700000000000000205e-02
-7.637505696673777544e-01 3.147580430399296580e-01 5.635711504987012122e-01 2.190440412552689675e-01 2.179999999999999993e-02 1.290000000000000001e-02 5.700000000000000205e-02
7.778655384070616574e-02 3.611108804994167532e-02 9.963158341416823438e-01 2.190440412552689675e-01 2.179999999999999993e-02 1.290000000000000001e-02 5.700000000000000205e-02
-9.355961645761095014e-01 -2.969466790238688425e-01 -1.910038917068676567e-01 2.190440412552689675e-01 2.179999999999999993e-02 1.290000000000000001e-02 5.700000000000000205e-02
-4.260400779360431489e-01 7.478060790613384468e-01 -5.091914375862555131e-01 2.190440412552689675e-01 2.179999999999999993e-02 1.290000000000000001e-02 5.700000000000000205e-02
-2.002652956729738254e-01 -9.536472542266906105e-01 -2.246123902524299887e-01 2.190440412552689675e-01 2.179999999999999993e-02 1.290000000000000001e-02 5.700000000000000205e-02
7.637505696673777544e-01 -3.147580430399296580e-01 -5.635711504987012122e-01 2.190440412552689675e-01 2.179999999999999993e-02 1.290000000000000001e-02 5.700000000000000205e-02
-7.778655384070601309e-02 -3.611108804994158511e-02 -9.963158341416823438e-01 2.190440412552689675e-01 2.179999999999999993e-02 1.290000000000000001e-02 5.700000000000000205e-02
9.355961645761095014e-01 2.969466790238690646e-01 1.910038917068675735e-01 2.497486328536594469e-01 2.179999999999999993e-02 1.290000000000000001e-02 5.700000000000000205e-02
4.260400779360430934e-01 -7.478060790613385578e-01 5.091914375862551800e-01 2.497486328536594469e-01 2.179999999999999993e-02 1.290000000000000001e-02 5.700000000000000205e-02
2.002652956729737421e-01 9.536472542266907215e-01 2.246123902524299054e-01 2.497486328536594469e-01 2.179999999999999993e-02 1.290000000000000001e-02 5.700000000000000205e-02
-7.637505696673777544e-01 3.147580430399296580e-01 5.635711504987012122e-01 2.497486328536594469e-01 2.179999999999999993e-02 1.290000000000000001e-02 5.700000000000000205e-02
7.778655384070616574e-02 3.611108804994167532e-02 9.963158341416823438e-01 2.497486328536594469e-01 2.179999999999999993e-02 1.290000000000000001e-02 5.700000000000000205e-02
-9.355961645761095014e-01 -2.969466790238688425e-01 -1.910038917068676567e-01 2.497486328536594469e-01 2.179999999999999993e-02 1.290000000000000001e-02 5.700000000000000205e-02
-4.260400779360431489e-01 7.478060790613384468e-01 -5.091914375862555131e-01 2.497486328536594469e-01 2.179999999999999993e-02 1.290000000000000001e-02 5.700000000000000205e-02
-2.002652956729738254e-01 -9.536472542266906105e-01 -2.246123902524299887e-01 2.497486328536594469e-01 2.179999999999999993e-02 1.290000000000000001e-02 5.700000000000000205e-02
7.637505696673777544e-01 -3.147580430399296580e-01 -5.635711504987012122e-01 2.497486328536594469e-01 2.179999999999999993e-02 1.290000000000000001e-02 5.700000000000000205e-02
-7.778655384070601309e-02 -3.611108804994158511e-02 -9.963158341416823438e-01 2.497486328536594469e-01 2.179999999999999993e-02 1.290000000000000001e-02 5.700000000000000205e-02
