0.000000000000000000e+00 0.000000000000000000e+00 0.000000000000000000e+00 0.000000000000000000e+00 2.179999999999999993e-02 1.290000000000000001e-02 5.700000000000000205e-02
-1.819872329084615270e-01 2.531075253990532903e-01 9.501669472491078849e-01 6.926780782545380322e-02 2.179999999999999993e-02 1.290000000000000001e-02 5.700000000000000205e-02
1.215933968530245601e-01 -9.530940808207869486e-01 2.771763318649737573e-01 6.926780782545380322e-02 2.179999999999999993e-02 1.290000000000000001e-02 5.700000000000000205e-02
9.757538857288735601e-01 1.659766846154947240e-01 1.426747863115734039e-01 6.926780782545380322e-02 2.179999999999999993e-02 1.290000000000000001e-02 5.700000000000000205e-02
1.819872329084615825e-01 -2.531075253990533458e-01 -9.501669472491078849e-01 6.926780782545380322e-02 2.179999999999999993e-02 1.290000000000000001e-02 5.700000000000000205e-02
-1.215933968530246712e-01 9.530940808207869486e-01 -2.771763318649738128e-01 6.926780782545380322e-02 2.179999999999999993e-02 1.290000000000000001e-02 5.700000000000000205e-02
-9.757538857288735601e-01 -1.659766846154947240e-01 -1.426747863115732928e-01 6.926780782545380322e-02 2.179999999999999993e-02 1.290000000000000001e-02 5.700000000000000205e-02
-1.819872329084615270e-01 2.531075253990532903e-01 9.501669472491078849e-01 9.795947326260998067e-02 2.179999999999999993e-02 1.290000000000000001e-02 5.700000000000000205e-02
1.215933968530245601e-01 -9.530940808207869486e-01 2.771763318649737573e-01 9.795947326260998067e-02 2.179999999999999993e-02 1.290000000000000001e-02 5.700000000000000205e-02
9.757538857288735601e-01 1.659766846154947240e-01 1.426747863115734039e-01 9.795947326260998067e-02 2.179999999999999993e-02 1.290000000000000001e-02 5.700000000000000205e-02
1.819872329084615825e-01 -2.531075253990533458e-01 -9.501669472491078849e-01 9.795947326260998067e-02 2.179999999999999993e-02 1.290000000000000001e-02 5.700000000000000205e-02
-1.215933968530246712e-01 9.530940808207869486e-01 -2.771763318649738128e-01 9.795947326260998067e-02 2.179999999999999993e-02 1.290000000000000001e-02 5.700000000000000205e-02
-9.757538857288735601e-01 -1.659766846154947240e-01 -1.426747863115732928e-01 9.795947326260998067e-02 2.179999999999999993e-02 1.290000000000000001e-02 5.700000000000000205e-02
-1.819872329084615270e-01 2.531075253990532903e-01 9.501669472491078849e-01 1.199753624826030568e-01 2.179999999999999993e-02 1.290000000000000001e-02 5.700000000000000205e-02
1.215933968530245601e-01 -9.530940808207869486e-01 2.771763318649737573e-01 1.199753624826030568e-01 2.179999999999999993e-02 1.290000000000000001e-02 5.700000000000000205e-02
9.757538857288735601e-01 1.659766846154947240e-01 1.426747863115734039e-01 1.199753624826030568e-01 2.179999999999999993e-02 1.290000000000000001e-02 5.700000000000000205e-02
1.819872329084615825e-01 -2.531075253990533458e-01 -9.501669472491078849e-01 1.199753624826030568e-01 2.179999999999999993e-02 1.290000000000000001e-02 5.700000000000000205e-02
-1.215933968530246712e-01 9.530940808207869486e-01 -2.771763318649738128e-01 1.199753624826030568e-01 2.179999999999999993e-02 1.290000000000000001e-02 5.700000000000000205e-02
-9.757538857288735601e-01 -1.659766846154947240e-01 -1.426747863115732928e-01 1.199753624826030568e-01 2.179999999999999993e-02 1.290000000000000001e-02 5.700000000000000205e-02
-1.819872329084615270e-01 2.531075253990532903e-01 9.501669472491078849e-01 1.385356156509076064e-01 2.179999999999999993e-02 1.290000000000000001e-02 5.700000000000000205e-02
1.215933968530245601e-01 -9.530940808207869486e-01 2.771763318649737573e-01 1.385356156509076064e-01 2.179999999999999993e-02 1.290000000000000001e-02 5.700000000000000205e-02
9.757538857288735601e-01 1.659766846154947240e-01 1.426747863115734039e-01 1.385356156509076064e-01 2.179999999999999993e-02 1.290000000000000001e-02 5.700000000000000205e-02
1.819872329084615825e-01 -2.531075253990533458e-01 -9.501669472491078849e-01 1.385356156509076064e-01 2.179999999999999993e-02 1.290000000000000001e-02 5.700000000000000205e-02
-1.215933968530246712e-01 9.530940808207869486e-01 -2.771763318649738128e-01 1.385356156509076064e-01 2.179999999999999993e-02 1.290000000000000001e-02 5.700000000000000205e-02
-9.757538857288735601e-01 -1.659766846154947240e-01 -1.426747863115732928e-01 1.385356156509076064e-01 2.179999999999999993e-02 1.290000000000000001e-02 5.700000000000000205e-02
-1.819872329084615270e-01 2.531075253990532903e-01 9.501669472491078849e-01 1.548875269501065743e-01 2.179999999999999993e-02 1.290000000000000001e-02 5.700000000000000205e-02
1.215933968530245601e-01 -9.530940808207869486e-01 2.771763318649737573e-01 1.548875269501065743e-01 2.179999999999999993e-02 1.290000000000000001e-02 5.700000000000000205e-02
9.757538857288735601e-01 1.659766846154947240e-01 1.426747863115734039e-01 1.548875269501065743e-01 2.179999999999999993e-02 1.290000000000000001e-02 5.700000000000000205e-02
1.819872329084615825e-01 -2.531075253990533458e-01 -9.501669472491078849e-01 1.548875269501065743e-01 2.179999999999999993e-02 1.290000000000000001e-02 5.700000000000000205e-02
-1.215933968530246712e-01 9.530940808207869486e-01 -2.771763318649738128e-01 1.548875269501065743e-01 2.179999999999999993e-02 1.290000000000000001e-02 5.700000000000000205e-02
-9.757538857288735601e-01 -1.659766846154947240e-01 -1.426747863115732928e-01 1.548875269501065743e-01 2.179999999999999993e-02 1.290000000000000001e-02 5.700000000000000205e-02
-1.819872329084615270e-01 2.531075253990532903e-01 9.501669472491078849e-01 2.190440412552689675e-01 2.179999999999999993e-02 1.290000000000000001e-02 5.700000000000000205e-02
1.215933968530245601e-01 -9.530940808207869486e-01 2.771763318649737573e-01 2.190440412552689675e-01 2.179999999999999993e-02 1.290000000000000001e-02 5.700000000000000205e-02
9.757538857288735601e-01 1.659766846154947240e-01 1.426747863115734039e-01 2.190440412552689675e-01 2.179999999999999993e-02 1.290000000000000001e-02 5.700000000000000205e-02
1.819872329084615825e-01 -2.531075253990533458e-01 -9.501669472491078849e-01 2.190440412552689675e-01 2.179999999999999993e-02 1.290000000000000001e-02 5.700000000000000205e-02
-1.215933968530246712e-01 9.530940808207869486e-01 -2.771763318649738128e-01 2.190440412552689675e-01 2.179999999999999993e-02 1.290000000000000001e-02 5.700000000000000205e-02
-9.757538857288735601e-01 -1.659766846154947240e-01 -1.426747863115732928e-01 2.190440412552689675e-01 2.179999999999999993e-02 1.290000000000000001e-02 5.700000000000000205e-02
-1.819872329084615270e-01 2.531075253990532903e-01 9.501669472491078849e-01 2.497486328536594469e-01 2.179999999999999993e-02 1.290000000000000001e-02 5.700000000000000205e-02
1.215933968530245601e-01 -9.530940808207869486e-01 2.771763318649737573e-01 2.497486328536594469e-01 2.179999999999999993e-02 1.290000000000000001e-02 5.700000000000000205e-02
9.757538857288735601e-01 1.659766846154947240e-01 1.426747863115734039e-01 2.497486328536594469e-01 2.179999999999999993e-02 1.290000000000000001e-02 5.700000000000000205e-02
1.819872329084615825e-01 -2.531075253990533458e-01 -9.501669472491078849e-01 2.497486328536594469e-01 2.179999999999999993e-02 1.290000000000000001e-02 5.700000000000000205e-02
-1.215933968530246712e-01 9.530940808207869486e-01 -2.771763318649738128e-01 2.497486328536594469e-01 2.179999999999999993e-02 1.290000000000000001e-02 5.700000000000000205e-02
-9.757538857288735601e-01 -1.659766846154947240e-01 -1.426747863115732928e-01 2.497486328536594469e-01 2.179999999999999993e-02 1.290000000000000001e-02 5.700000000000000205e-02
