0.000000000000000000e+00 0.000000000000000000e+00 0.000000000000000000e+00 0.000000000000000000e+00 2.179999999999999993e-02 1.290000000000000001e-02 5.700000000000000205e-02
-5.124669435237199089e-01 -2.265114211079747586e-01 8.282935517696018435e-01 6.926780782545380322e-02 2.179999999999999993e-02 1.290000000000000001e-02 5.700000000000000205e-02
-2.713588489725778929e-01 9.457124649567991703e-01 1.788639390978875310e-01 6.926780782545380322e-02 2.179999999999999993e-02 1.290000000000000001e-02 5.700000000000000205e-02
1.414872102628924599e-01 9.754806177258620314e-01 1.685791617406931509e-01 6.926780782545380322e-02 2.179999999999999993e-02 1.290000000000000001e-02 5.700000000000000205e-02
2.390059679321324959e-01 -8.041867616707537580e-01 5.442056593295688804e-01 6.926780782545380322e-02 2.179999999999999993e-02 1.290000000000000001e-02 5.700000000000000205e-02
-6.571428809550239336e-01 4.334451662758423418e-01 6.166753780087531611e-01 6.926780782545380322e-02 2.179999999999999993e-02 1.290000000000000001e-02 5.700000000000000205e-02
-5.182852114747609207e-01 -5.692538786586039956e-01 6.382244598875052022e-01 6.926780782545380322e-02 2.179999999999999993e-02 1.290000000000000001e-02 5.700000000000000205e-02
-1.078153548149973079e-01 -3.485315738371930205e-01 9.310755024726434792e-01 6.926780782545380322e-02 2.179999999999999993e-02 1.290000000000000001e-02 5.700000000000000205e-02
-8.880425873881897525e-01 3.576876420479556673e-01 2.888596782367918725e-01 6.926780782545380322e-02 2.179999999999999993e-02 1.290000000000000001e-02 5.700000000000000205e-02
1.392981081805385116e-02 -9.760111557422492812e-01 2.172744445102832433e-01 6.926780782545380322e-02 2.179999999999999993e-02 1.290000000000000001e-02 5.700000000000000205e-02
5.367712148552495899e-01 6.230342546922578162e-01 5.689507714933536020e-01 6.926780782545380322e-02 2.179999999999999993e-02 1.290000000000000001e-02 5.700000000000000205e-02
1.837384462432275767e-01 6.028103162099015533e-01 7.764405360638012565e-01 6.926780782545380322e-02 2.179999999999999993e-02 1.290000000000000001e-02 5.700000000000000205e-02
-8.064421096288719726e-01 -3.502250778010612686e-01 4.764383682036691936e-01 6.926780782545380322e-02 2.179999999999999993e-02 1.290000000000000001e-02 5.700000000000000205e-02
6.673680121220958439e-01 -6.451806407284184086e-01 3.719702638995081023e-01 6.926780782545380322e-02 2.179999999999999993e-02 1.290000000000000001e-02 5.700000000000000205e-02
5.957643546948324653e-01 -4.475789365693756960e-01 6.668867439186931811e-01 6.926780782545380322e-02 2.179999999999999993e-02 1.290000000000000001e-02 5.700000000000000205e-02
2.660369133289005039e-01 -1.016239107422964860e-01 9.585911232177527497e-01 6.926780782545380322e-02 2.179999999999999993e-02 1.290000000000000001e-02 5.700000000000000205e-02
-6.063438581826009477e-01 7.089575164172721156e-01 3.601754649607486480e-01 6.926780782545380322e-02 2.179999999999999993e-02 1.290000000000000001e-02 5.700000000000000205e-02
-7.126794951157562341e-01 7.013965455341669708e-01 1.143779499239911714e-02 6.926780782545380322e-02 2.179999999999999993e-02 1.290000000000000001e-02 5.700000000000000205e-02
9.251089925602621333e-01 -3.653402725357062786e-01 1.034400171484547576e-01 6.926780782545380322e-02 2.179999999999999993e-02 1.290000000000000001e-02 5.700000000000000205e-02
6.207039185973836082e-01 -7.116434499671112079e-02 7.808087355037991451e-01 6.926780782545380322e-02 2.179999999999999993e-02 1.290000000000000001e-02 5.700000000000000205e-02
-2.319057951019944386e-01 5.260939412805555326e-01 8.181961055553876871e-01 6.926780782545380322e-02 2.179999999999999993e-02 1.290000000000000001e-02 5.700000000000000205e-02
-9.187599568667875749e-01 -3.890108658325960866e-01 6.745878684287621996e-02 6.926780782545380322e-02 2.179999999999999993e-02 1.290000000000000001e-02 5.700000000000000205e-02
9.838223534780522472e-01 5.602982981159131820e-02 1.701594398444896405e-01 6.926780782545380322e-02 2.179999999999999993e-02 1.290000000000000001e-02 5.700000000000000205e-02
8.129062672253400956e-01 2.152445269776807335e-01 5.411591210650693595e-01 6.926780782545380322e-02 2.179999999999999993e-02 1.290000000000000001e-02 5.700000000000000205e-02
-4.153830719234933855e-01 -9.029890360247715408e-01 1.098531036359725183e-01 6.926780782545380322e-02 2.179999999999999993e-02 1.290000000000000001e-02 5.700000000000000205e-02
8.640380443670750976e-01 -2.073160803733705149e-01 4.587573440337959774e-01 6.926780782545380322e-02 2.179999999999999993e-02 1.290000000000000001e-02 5.700000000000000205e-02
-4.744583919409512407e-01 2.070428069609782096e-01 8.555831405553324664e-01 6.926780782545380322e-02 2.179999999999999993e-02 1.290000000000000001e-02 5.700000000000000205e-02
-2.869203666565636190e-01 -8.414552456150069526e-01 4.578534403328771152e-01 6.926780782545380322e-02 2.179999999999999993e-02 1.290000000000000001e-02 5.700000000000000205e-02
-7.025411106710961473e-01 -6.751447425106162914e-01 2.249790311946791854e-01 6.926780782545380322e-02 2.179999999999999993e-02 1.290000000000000001e-02 5.700000000000000205e-02
-1.091963355520944035e-01 -6.694864447198606294e-01 7.347544219930597365e-01 6.926780782545380322e-02 2.179999999999999993e-02 1.290000000000000001e-02 5.700000000000000205e-02
8.189542006158417875e-01 5.013659337722525811e-01 2.791884985925190965e-01 6.926780782545380322e-02 2.179999999999999993e-02 1.290000000000000001e-02 5.700000000000000205e-02
-9.701249930275526179e-01 -1.945757550444074391e-02 2.418241109955334145e-01 6.926780782545380322e-02 2.179999999999999993e-02 1.290000000000000001e-02 5.700000000000000205e-02
-2.756671251127316147e-01 7.894178870318092622e-01 5.484770148021840264e-01 6.926780782545380322e-02 2.179999999999999993e-02 1.290000000000000001e-02 5.700000000000000205e-02
1.270818760684760129e-01 8.512112192085743434e-01 5.092049263983696727e-01 6.926780782545380322e-02 2.179999999999999993e-02 1.290000000000000001e-02 5.700000000000000205e-02
5.572970382029929226e-01 7.988550992822038843e-01 2.263858245584118578e-01 6.926780782545380322e-02 2.179999999999999993e-02 1.290000000000000001e-02 5.700000000000000205e-02
4.943348491459201854e-01 3.014430084912986807e-01 8.153313250155393987e-01 6.926780782545380322e-02 2.179999999999999993e-02 1.290000000000000001e-02 5.700000000000000205e-02
-7.852895197860692011e-01 2.703026429290077831e-02 6.185383859765057890e-01 6.926780782545380322e-02 2.179999999999999993e-02 1.290000000000000001e-02 5.700000000000000205e-02
4.045894782012102731e-01 -8.951005236547593391e-01 1.873563628005414095e-01 6.926780782545380322e-02 2.179999999999999993e-02 1.290000000000000001e-02 5.700000000000000205e-02
9.548307368473345214e-02 2.746486210514990645e-01 9.567920973723736955e-01 6.926780782545380322e-02 2.179999999999999993e-02 1.290000000000000001e-02 5.700000000000000205e-02
-1.779212334183647992e-01 1.500403992143752550e-02 9.839303397522223271e-01 6.926780782545380322e-02 2.179999999999999993e-02 1.290000000000000001e-02 5.700000000000000205e-02
2.660178736927150123e-01 -4.998899546778353131e-01 8.242235886506757980e-01 6.926780782545380322e-02 2.179999999999999993e-02 1.290000000000000001e-02 5.700000000000000205e-02
5.124669435237199089e-01 2.265114211079747586e-01 -8.282935517696019545e-01 6.926780782545380322e-02 2.179999999999999993e-02 1.290000000000000001e-02 5.700000000000000205e-02
2.713588489725777819e-01 -9.457124649567991703e-01 -1.788639390978874200e-01 6.926780782545380322e-02 2.179999999999999993e-02 1.290000000000000001e-02 5.700000000000000205e-02
-1.414872102628925155e-01 -9.754806177258619204e-01 -1.685791617406932619e-01 6.926780782545380322e-02 2.179999999999999993e-02 1.290000000000000001e-02 5.700000000000000205e-02
-2.390059679321326347e-01 8.041867616707538691e-01 -5.442056593295686584e-01 6.926780782545380322e-02 2.179999999999999993e-02 1.290000000000000001e-02 5.700000000000000205e-02
6.571428809550239336e-01 -4.334451662758423973e-01 -6.166753780087530501e-01 6.926780782545380322e-02 2.179999999999999993e-02 1.290000000000000001e-02 5.700000000000000205e-02
5.182852114747609207e-01 5.692538786586038846e-01 -6.382244598875052022e-01 6.926780782545380322e-02 2.179999999999999993e-02 1.290000000000000001e-02 5.700000000000000205e-02
1.078153548149972385e-01 3.485315738371929095e-01 -9.310755024726434792e-01 6.926780782545380322e-02 2.179999999999999993e-02 1.290000000000000001e-02 5.700000000000000205e-02
8.880425873881897525e-01 -3.576876420479556673e-01 -2.888596782367919835e-01 6.926780782545380322e-02 2.179999999999999993e-02 1.290000000000000001e-02 5.700000000000000205e-02
-1.392981081805394657e-02 9.760111557422492812e-01 -2.172744445102831323e-01 6.926780782545380322e-02 2.179999999999999993e-02 1.290000000000000001e-02 5.700000000000000205e-02
-5.367712148552497009e-01 -6.230342546922578162e-01 -5.689507714933534910e-01 6.926780782545380322e-02 2.179999999999999993e-02 1.290000000000000001e-02 5.700000000000000205e-02
-1.837384462432276044e-01 -6.028103162099014423e-01 -7.764405360638013676e-01 6.926780782545380322e-02 2.179999999999999993e-02 1.290000000000000001e-02 5.700000000000000205e-02
8.064421096288719726e-01 3.502250778010612131e-01 -4.764383682036690826e-01 6.926780782545380322e-02 2.179999999999999993e-02 1.290000000000000001e-02 5.700000000000000205e-02
-6.673680121220957329e-01 6.451806407284184086e-01 -3.719702638995082133e-01 6.926780782545380322e-02 2.179999999999999993e-02 1.290000000000000001e-02 5.700000000000000205e-02
-5.957643546948323543e-01 4.475789365693758071e-01 -6.668867439186931811e-01 6.926780782545380322e-02 2.179999999999999993e-02 1.290000000000000001e-02 5.700000000000000205e-02
-2.660369133289005594e-01 1.016239107422965415e-01 -9.585911232177527497e-01 6.926780782545380322e-02 2.179999999999999993e-02 1.290000000000000001e-02 5.700000000000000205e-02
6.063438581826009477e-01 -7.089575164172721156e-01 -3.601754649607485370e-01 6.926780782545380322e-02 2.179999999999999993e-02 1.290000000000000001e-02 5.700000000000000205e-02
7.126794951157562341e-01 -7.013965455341669708e-01 -1.143779499239921775e-02 6.926780782545380322e-02 2.179999999999999993e-02 1.290000000000000001e-02 5.700000000000000205e-02
-9.251089925602621333e-01 3.653402725357062786e-01 -1.034400171484548547e-01 6.926780782545380322e-02 2.179999999999999993e-02 1.290000000000000001e-02 5.700000000000000205e-02
-6.207039185973834972e-01 7.116434499671119018e-02 -7.808087355037992561e-01 6.926780782545380322e-02 2.179999999999999993e-02 1.290000000000000001e-02 5.700000000000000205e-02
2.319057951019945496e-01 -5.260939412805556437e-01 -8.181961055553876871e-01 6.926780782545380322e-02 2.179999999999999993e-02 1.290000000000000001e-02 5.700000000000000205e-02
9.187599568667875749e-01 3.890108658325960311e-01 -6.745878684287633098e-02 6.926780782545380322e-02 2.179999999999999993e-02 1.290000000000000001e-02 5.700000000000000205e-02
-9.838223534780522472e-01 -5.602982981159133208e-02 -1.701594398444895295e-01 6.926780782545380322e-02 2.179999999999999993e-02 1.290000000000000001e-02 5.700000000000000205e-02
-8.129062672253400956e-01 -2.152445269776807890e-01 -5.411591210650694705e-01 6.926780782545380322e-02 2.179999999999999993e-02 1.290000000000000001e-02 5.700000000000000205e-02
4.153830719234932745e-01 9.029890360247716519e-01 -1.098531036359726154e-01 6.926780782545380322e-02 2.179999999999999993e-02 1.290000000000000001e-02 5.700000000000000205e-02
-8.640380443670750976e-01 2.073160803733704594e-01 -4.587573440337958663e-01 6.926780782545380322e-02 2.179999999999999993e-02 1.290000000000000001e-02 5.700000000000000205e-02
4.744583919409514072e-01 -2.070428069609782928e-01 -8.555831405553323554e-01 6.926780782545380322e-02 2.179999999999999993e-02 1.290000000000000001e-02 5.700000000000000205e-02
2.869203666565635635e-01 8.414552456150070636e-01 -4.578534403328770042e-01 6.926780782545380322e-02 2.179999999999999993e-02 1.290000000000000001e-02 5.700000000000000205e-02
7.025411106710960363e-01 6.751447425106161804e-01 -2.249790311946792964e-01 6.926780782545380322e-02 2.179999999999999993e-02 1.290000000000000001e-02 5.700000000000000205e-02
1.091963355520943341e-01 6.694864447198606294e-01 -7.347544219930597365e-01 6.926780782545380322e-02 2.179999999999999993e-02 1.290000000000000001e-02 5.700000000000000205e-02
-8.189542006158416765e-01 -5.013659337722524700e-01 -2.791884985925192075e-01 6.926780782545380322e-02 2.179999999999999993e-02 1.290000000000000001e-02 5.700000000000000205e-02
9.701249930275527289e-01 1.945757550444074738e-02 -2.418241109955333035e-01 6.926780782545380322e-02 2.179999999999999993e-02 1.290000000000000001e-02 5.700000000000000205e-02
2.756671251127315037e-01 -7.894178870318092622e-01 -5.484770148021840264e-01 6.926780782545380322e-02 2.179999999999999993e-02 1.290000000000000001e-02 5.700000000000000205e-02
-1.270818760684760684e-01 -8.512112192085741214e-01 -5.092049263983698948e-01 6.926780782545380322e-02 2.179999999999999993e-02 1.290000000000000001e-02 5.700000000000000205e-02
-5.572970382029929226e-01 -7.988550992822038843e-01 -2.263858245584119688e-01 6.926780782545380322e-02 2.179999999999999993e-02 1.290000000000000001e-02 5.700000000000000205e-02
-4.943348491459201854e-01 -3.014430084912986807e-01 -8.153313250155393987e-01 6.926780782545380322e-02 2.179999999999999993e-02 1.290000000000000001e-02 5.700000000000000205e-02
7.852895197860690901e-01 -2.703026429290077484e-02 -6.185383859765057890e-01 6.926780782545380322e-02 2.179999999999999993e-02 1.290000000000000001e-02 5.700000000000000205e-02
-4.045894782012103286e-01 8.951005236547593391e-01 -1.873563628005412984e-01 6.926780782545380322e-02 2.179999999999999993e-02 1.290000000000000001e-02 5.700000000000000205e-02
-9.548307368473343826e-02 -2.746486210514989534e-01 -9.567920973723736955e-01 6.926780782545380322e-02 2.179999999999999993e-02 1.290000000000000001e-02 5.700000000000000205e-02
1.779212334183649935e-01 -1.500403992143754285e-02 -9.839303397522223271e-01 6.926780782545380322e-02 2.179999999999999993e-02 1.290000000000000001e-02 5.700000000000000205e-02
-2.660178736927149012e-01 4.998899546778353131e-01 -8.242235886506759091e-01 6.926780782545380322e-02 2.179999999999999993e-02 1.290000000000000001e-02 5.700000000000000205e-02
-5.124669435237199089e-01 -2.265114211079747586e-01 8.282935517696018435e-01 9.795947326260998067e-02 2.179999999999999993e-02 1.290000000000000001e-02 5.700000000000000205e-02
-2.713588489725778929e-01 9.457124649567991703e-01 1.788639390978875310e-01 9.795947326260998067e-02 2.179999999999999993e-02 1.290000000000000001e-02 5.700000000000000205e-02
1.414872102628924599e-01 9.754806177258620314e-01 1.685791617406931509e-01 9.795947326260998067e-02 2.179999999999999993e-02 1.290000000000000001e-02 5.700000000000000205e-02
2.390059679321324959e-01 -8.041867616707537580e-01 5.442056593295688804e-01 9.795947326260998067e-02 2.179999999999999993e-02 1.290000000000000001e-02 5.700000000000000205e-02
-6.571428809550239336e-01 4.334451662758423418e-01 6.166753780087531611e-01 9.795947326260998067e-02 2.179999999999999993e-02 1.290000000000000001e-02 5.700000000000000205e-02
-5.182852114747609207e-01 -5.692538786586039956e-01 6.382244598875052022e-01 9.795947326260998067e-02 2.179999999999999993e-02 1.290000000000000001e-02 5.700000000000000205e-02
-1.078153548149973079e-01 -3.485315738371930205e-01 9.310755024726434792e-01 9.795947326260998067e-02 2.179999999999999993e-02 1.290000000000000001e-02 5.700000000000000205e-02
-8.880425873881897525e-01 3.576876420479556673e-01 2.888596782367918725e-01 9.795947326260998067e-02 2.179999999999999993e-02 1.290000000000000001e-02 5.700000000000000205e-02
1.392981081805385116e-02 -9.760111557422492812e-01 2.172744445102832433e-01 9.795947326260998067e-02 2.179999999999999993e-02 1.290000000000000001e-02 5.700000000000000205e-02
5.367712148552495899e-01 6.230342546922578162e-01 5.689507714933536020e-01 9.795947326260998067e-02 2.179999999999999993e-02 1.290000000000000001e-02 5.700000000000000205e-02
1.837384462432275767e-01 6.028103162099015533e-01 7.764405360638012565e-01 9.795947326260998067e-02 2.179999999999999993e-02 1.290000000000000001e-02 5.700000000000000205e-02
-8.064421096288719726e-01 -3.502250778010612686e-01 4.764383682036691936e-01 9.795947326260998067e-02 2.179999999999999993e-02 1.290000000000000001e-02 5.700000000000000205e-02
6.673680121220958439e-01 -6.451806407284184086e-01 3.719702638995081023e-01 9.795947326260998067e-02 2.179999999999999993e-02 1.290000000000000001e-02 5.700000000000000205e-02
5.957643546948324653e-01 -4.475789365693756960e-01 6.668867439186931811e-01 9.795947326260998067e-02 2.179999999999999993e-02 1.290000000000000001e-02 5.700000000000000205e-02
2.660369133289005039e-01 -1.016239107422964860e-01 9.585911232177527497e-01 9.795947326260998067e-02 2.179999999999999993e-02 1.290000000000000001e-02 5.700000000000000205e-02
-6.063438581826009477e-01 7.089575164172721156e-01 3.601754649607486480e-01 9.795947326260998067e-02 2.179999999999999993e-02 1.290000000000000001e-02 5.700000000000000205e-02
-7.126794951157562341e-01 7.013965455341669708e-01 1.143779499239911714e-02 9.795947326260998067e-02 2.179999999999999993e-02 1.290000000000000001e-02 5.700000000000000205e-02
9.251089925602621333e-01 -3.653402725357062786e-01 1.034400171484547576e-01 9.795947326260998067e-02 2.179999999999999993e-02 1.290000000000000001e-02 5.700000000000000205e-02
6.207039185973836082e-01 -7.116434499671112079e-02 7.808087355037991451e-01 9.795947326260998067e-02 2.179999999999999993e-02 1.290000000000000001e-02 5.700000000000000205e-02
-2.319057951019944386e-01 5.260939412805555326e-01 8.181961055553876871e-01 9.795947326260998067e-02 2.179999999999999993e-02 1.290000000000000001e-02 5.700000000000000205e-02
-9.187599568667875749e-01 -3.890108658325960866e-01 6.745878684287621996e-02 9.795947326260998067e-02 2.179999999999999993e-02 1.290000000000000001e-02 5.700000000000000205e-02
9.838223534780522472e-01 5.602982981159131820e-02 1.701594398444896405e-01 9.795947326260998067e-02 2.179999999999999993e-02 1.290000000000000001e-02 5.700000000000000205e-02
8.129062672253400956e-01 2.152445269776807335e-01 5.411591210650693595e-01 9.795947326260998067e-02 2.179999999999999993e-02 1.290000000000000001e-02 5.700000000000000205e-02
-4.153830719234933855e-01 -9.029890360247715408e-01 1.098531036359725183e-01 9.795947326260998067e-02 2.179999999999999993e-02 1.290000000000000001e-02 5.700000000000000205e-02
8.640380443670750976e-01 -2.073160803733705149e-01 4.587573440337959774e-01 9.795947326260998067e-02 2.179999999999999993e-02 1.290000000000000001e-02 5.700000000000000205e-02
-4.744583919409512407e-01 2.070428069609782096e-01 8.555831405553324664e-01 9.795947326260998067e-02 2.179999999999999993e-02 1.290000000000000001e-02 5.700000000000000205e-02
-2.869203666565636190e-01 -8.414552456150069526e-01 4.578534403328771152e-01 9.795947326260998067e-02 2.179999999999999993e-02 1.290000000000000001e-02 5.700000000000000205e-02
-7.025411106710961473e-01 -6.751447425106162914e-01 2.249790311946791854e-01 9.795947326260998067e-02 2.179999999999999993e-02 1.290000000000000001e-02 5.700000000000000205e-02
-1.091963355520944035e-01 -6.694864447198606294e-01 7.347544219930597365e-01 9.795947326260998067e-02 2.179999999999999993e-02 1.290000000000000001e-02 5.700000000000000205e-02
8.189542006158417875e-01 5.013659337722525811e-01 2.791884985925190965e-01 9.795947326260998067e-02 2.179999999999999993e-02 1.290000000000000001e-02 5.700000000000000205e-02
-9.701249930275526179e-01 -1.945757550444074391e-02 2.418241109955334145e-01 9.795947326260998067e-02 2.179999999999999993e-02 1.290000000000000001e-02 5.700000000000000205e-02
-2.756671251127316147e-01 7.894178870318092622e-01 5.484770148021840264e-01 9.795947326260998067e-02 2.179999999999999993e-02 1.290000000000000001e-02 5.700000000000000205e-02
1.270818760684760129e-01 8.512112192085743434e-01 5.092049263983696727e-01 9.795947326260998067e-02 2.179999999999999993e-02 1.290000000000000001e-02 5.700000000000000205e-02
5.572970382029929226e-01 7.988550992822038843e-01 2.263858245584118578e-01 9.795947326260998067e-02 2.179999999999999993e-02 1.290000000000000001e-02 5.700000000000000205e-02
4.943348491459201854e-01 3.014430084912986807e-01 8.153313250155393987e-01 9.795947326260998067e-02 2.179999999999999993e-02 1.290000000000000001e-02 5.700000000000000205e-02
-7.852895197860692011e-01 2.703026429290077831e-02 6.185383859765057890e-01 9.795947326260998067e-02 2.179999999999999993e-02 1.290000000000000001e-02 5.700000000000000205e-02
4.045894782012102731e-01 -8.951005236547593391e-01 1.873563628005414095e-01 9.795947326260998067e-02 2.179999999999999993e-02 1.290000000000000001e-02 5.700000000000000205e-02
9.548307368473345214e-02 2.746486210514990645e-01 9.567920973723736955e-01 9.795947326260998067e-02 2.179999999999999993e-02 1.290000000000000001e-02 5.700000000000000205e-02
-1.779212334183647992e-01 1.500403992143752550e-02 9.839303397522223271e-01 9.795947326260998067e-02 2.179999999999999993e-02 1.290000000000000001e-02 5.700000000000000205e-02
2.660178736927150123e-01 -4.998899546778353131e-01 8.242235886506757980e-01 9.795947326260998067e-02 2.179999999999999993e-02 1.290000000000000001e-02 5.700000000000000205e-02
5.124669435237199089e-01 2.265114211079747586e-01 -8.282935517696019545e-01 9.795947326260998067e-02 2.179999999999999993e-02 1.290000000000000001e-02 5.700000000000000205e-02
2.713588489725777819e-01 -9.457124649567991703e-01 -1.788639390978874200e-01 9.795947326260998067e-02 2.179999999999999993e-02 1.290000000000000001e-02 5.700000000000000205e-02
-1.414872102628925155e-01 -9.754806177258619204e-01 -1.685791617406932619e-01 9.795947326260998067e-02 2.179999999999999993e-02 1.290000000000000001e-02 5.700000000000000205e-02
-2.390059679321326347e-01 8.041867616707538691e-01 -5.442056593295686584e-01 9.795947326260998067e-02 2.179999999999999993e-02 1.290000000000000001e-02 5.700000000000000205e-02
6.571428809550239336e-01 -4.334451662758423973e-01 -6.166753780087530501e-01 9.795947326260998067e-02 2.179999999999999993e-02 1.290000000000000001e-02 5.700000000000000205e-02
5.182852114747609207e-01 5.692538786586038846e-01 -6.382244598875052022e-01 9.795947326260998067e-02 2.179999999999999993e-02 1.290000000000000001e-02 5.700000000000000205e-02
1.078153548149972385e-01 3.485315738371929095e-01 -9.310755024726434792e-01 9.795947326260998067e-02 2.179999999999999993e-02 1.290000000000000001e-02 5.700000000000000205e-02
8.880425873881897525e-01 -3.576876420479556673e-01 -2.888596782367919835e-01 9.795947326260998067e-02 2.179999999999999993e-02 1.290000000000000001e-02 5.700000000000000205e-02
-1.392981081805394657e-02 9.760111557422492812e-01 -2.172744445102831323e-01 9.795947326260998067e-02 2.179999999999999993e-02 1.290000000000000001e-02 5.700000000000000205e-02
-5.367712148552497009e-01 -6.230342546922578162e-01 -5.689507714933534910e-01 9.795947326260998067e-02 2.179999999999999993e-02 1.290000000000000001e-02 5.700000000000000205e-02
-1.837384462432276044e-01 -6.028103162099014423e-01 -7.764405360638013676e-01 9.795947326260998067e-02 2.179999999999999993e-02 1.290000000000000001e-02 5.700000000000000205e-02
8.064421096288719726e-01 3.502250778010612131e-01 -4.764383682036690826e-01 9.795947326260998067e-02 2.179999999999999993e-02 1.290000000000000001e-02 5.700000000000000205e-02
-6.673680121220957329e-01 6.451806407284184086e-01 -3.719702638995082133e-01 9.795947326260998067e-02 2.179999999999999993e-02 1.290000000000000001e-02 5.700000000000000205e-02
-5.957643546948323543e-01 4.475789365693758071e-01 -6.668867439186931811e-01 9.795947326260998067e-02 2.179999999999999993e-02 1.290000000000000001e-02 5.700000000000000205e-02
-2.660369133289005594e-01 1.016239107422965415e-01 -9.585911232177527497e-01 9.795947326260998067e-02 2.179999999999999993e-02 1.290000000000000001e-02 5.700000000000000205e-02
6.063438581826009477e-01 -7.089575164172721156e-01 -3.601754649607485370e-01 9.795947326260998067e-02 2.179999999999999993e-02 1.290000000000000001e-02 5.700000000000000205e-02
7.126794951157562341e-01 -7.013965455341669708e-01 -1.143779499239921775e-02 9.795947326260998067e-02 2.179999999999999993e-02 1.290000000000000001e-02 5.700000000000000205e-02
-9.251089925602621333e-01 3.653402725357062786e-01 -1.034400171484548547e-01 9.795947326260998067e-02 2.179999999999999993e-02 1.290000000000000001e-02 5.700000000000000205e-02
-6.207039185973834972e-01 7.116434499671119018e-02 -7.808087355037992561e-01 9.795947326260998067e-02 2.179999999999999993e-02 1.290000000000000001e-02 5.700000000000000205e-02
2.319057951019945496e-01 -5.260939412805556437e-01 -8.181961055553876871e-01 9.795947326260998067e-02 2.179999999999999993e-02 1.290000000000000001e-02 5.700000000000000205e-02
9.187599568667875749e-01 3.890108658325960311e-01 -6.745878684287633098e-02 9.795947326260998067e-02 2.179999999999999993e-02 1.290000000000000001e-02 5.700000000000000205e-02
-9.838223534780522472e-01 -5.602982981159133208e-02 -1.701594398444895295e-01 9.795947326260998067e-02 2.179999999999999993e-02 1.290000000000000001e-02 5.700000000000000205e-02
-8.129062672253400956e-01 -2.152445269776807890e-01 -5.411591210650694705e-01 9.795947326260998067e-02 2.179999999999999993e-02 1.290000000000000001e-02 5.700000000000000205e-02
4.153830719234932745e-01 9.029890360247716519e-01 -1.098531036359726154e-01 9.795947326260998067e-02 2.179999999999999993e-02 1.290000000000000001e-02 5.700000000000000205e-02
-8.640380443670750976e-01 2.073160803733704594e-01 -4.587573440337958663e-01 9.795947326260998067e-02 2.179999999999999993e-02 1.290000000000000001e-02 5.700000000000000205e-02
4.744583919409514072e-01 -2.070428069609782928e-01 -8.555831405553323554e-01 9.795947326260998067e-02 2.179999999999999993e-02 1.290000000000000001e-02 5.700000000000000205e-02
2.869203666565635635e-01 8.414552456150070636e-01 -4.578534403328770042e-01 9.795947326260998067e-02 2.179999999999999993e-02 1.290000000000000001e-02 5.700000000000000205e-02
7.025411106710960363e-01 6.751447425106161804e-01 -2.249790311946792964e-01 9.795947326260998067e-02 2.179999999999999993e-02 1.290000000000000001e-02 5.700000000000000205e-02
1.091963355520943341e-01 6.694864447198606294e-01 -7.347544219930597365e-01 9.795947326260998067e-02 2.179999999999999993e-02 1.290000000000000001e-02 5.700000000000000205e-02
-8.189542006158416765e-01 -5.013659337722524700e-01 -2.791884985925192075e-01 9.795947326260998067e-02 2.179999999999999993e-02 1.290000000000000001e-02 5.700000000000000205e-02
9.701249930275527289e-01 1.945757550444074738e-02 -2.418241109955333035e-01 9.795947326260998067e-02 2.179999999999999993e-02 1.290000000000000001e-02 5.700000000000000205e-02
2.756671251127315037e-01 -7.894178870318092622e-01 -5.484770148021840264e-01 9.795947326260998067e-02 2.179999999999999993e-02 1.290000000000000001e-02 5.700000000000000205e-02
-1.270818760684760684e-01 -8.512112192085741214e-01 -5.092049263983698948e-01 9.795947326260998067e-02 2.179999999999999993e-02 1.290000000000000001e-02 5.700000000000000205e-02
-5.572970382029929226e-01 -7.988550992822038843e-01 -2.263858245584119688e-01 9.795947326260998067e-02 2.179999999999999993e-02 1.290000000000000001e-02 5.700000000000000205e-02
-4.943348491459201854e-01 -3.014430084912986807e-01 -8.153313250155393987e-01 9.795947326260998067e-02 2.179999999999999993e-02 1.290000000000000001e-02 5.700000000000000205e-02
7.852895197860690901e-01 -2.703026429290077484e-02 -6.185383859765057890e-01 9.795947326260998067e-02 2.179999999999999993e-02 1.290000000000000001e-02 5.700000000000000205e-02
-4.045894782012103286e-01 8.951005236547593391e-01 -1.873563628005412984e-01 9.795947326260998067e-02 2.179999999999999993e-02 1.290000000000000001e-02 5.700000000000000205e-02
-9.548307368473343826e-02 -2.746486210514989534e-01 -9.567920973723736955e-01 9.795947326260998067e-02 2.179999999999999993e-02 1.290000000000000001e-02 5.700000000000000205e-02
1.779212334183649935e-01 -1.500403992143754285e-02 -9.839303397522223271e-01 9.795947326260998067e-02 2.179999999999999993e-02 1.290000000000000001e-02 5.700000000000000205e-02
-2.660178736927149012e-01 4.998899546778353131e-01 -8.242235886506759091e-01 9.795947326260998067e-02 2.179999999999999993e-02 1.290000000000000001e-02 5.700000000000000205e-02
-5.124669435237199089e-01 -2.265114211079747586e-01 8.282935517696018435e-01 1.199753624826030568e-01 2.179999999999999993e-02 1.290000000000000001e-02 5.700000000000000205e-02
-2.713588489725778929e-01 9.457124649567991703e-01 1.788639390978875310e-01 1.199753624826030568e-01 2.179999999999999993e-02 1.290000000000000001e-02 5.700000000000000205e-02
1.414872102628924599e-01 9.754806177258620314e-01 1.685791617406931509e-01 1.199753624826030568e-01 2.179999999999999993e-02 1.290000000000000001e-02 5.700000000000000205e-02
2.390059679321324959e-01 -8.041867616707537580e-01 5.442056593295688804e-01 1.199753624826030568e-01 2.179999999999999993e-02 1.290000000000000001e-02 5.700000000000000205e-02
-6.571428809550239336e-01 4.334451662758423418e-01 6.166753780087531611e-01 1.199753624826030568e-01 2.179999999999999993e-02 1.290000000000000001e-02 5.700000000000000205e-02
-5.182852114747609207e-01 -5.692538786586039956e-01 6.382244598875052022e-01 1.199753624826030568e-01 2.179999999999999993e-02 1.290000000000000001e-02 5.700000000000000205e-02
-1.078153548149973079e-01 -3.485315738371930205e-01 9.310755024726434792e-01 1.199753624826030568e-01 2.179999999999999993e-02 1.290000000000000001e-02 5.700000000000000205e-02
-8.880425873881897525e-01 3.576876420479556673e-01 2.888596782367918725e-01 1.199753624826030568e-01 2.179999999999999993e-02 1.290000000000000001e-02 5.700000000000000205e-02
1.392981081805385116e-02 -9.760111557422492812e-01 2.172744445102832433e-01 1.199753624826030568e-01 2.179999999999999993e-02 1.290000000000000001e-02 5.700000000000000205e-02
5.367712148552495899e-01 6.230342546922578162e-01 5.689507714933536020e-01 1.199753624826030568e-01 2.179999999999999993e-02 1.290000000000000001e-02 5.700000000000000205e-02
1.837384462432275767e-01 6.028103162099015533e-01 7.764405360638012565e-01 1.199753624826030568e-01 2.179999999999999993e-02 1.290000000000000001e-02 5.700000000000000205e-02
-8.064421096288719726e-01 -3.502250778010612686e-01 4.764383682036691936e-01 1.199753624826030568e-01 2.179999999999999993e-02 1.290000000000000001e-02 5.700000000000000205e-02
6.673680121220958439e-01 -6.451806407284184086e-01 3.719702638995081023e-01 1.199753624826030568e-01 2.179999999999999993e-02 1.290000000000000001e-02 5.700000000000000205e-02
5.957643546948324653e-01 -4.475789365693756960e-01 6.668867439186931811e-01 1.199753624826030568e-01 2.179999999999999993e-02 1.290000000000000001e-02 5.700000000000000205e-02
2.660369133289005039e-01 -1.016239107422964860e-01 9.585911232177527497e-01 1.199753624826030568e-01 2.179999999999999993e-02 1.290000000000000001e-02 5.700000000000000205e-02
-6.063438581826009477e-01 7.089575164172721156e-01 3.601754649607486480e-01 1.199753624826030568e-01 2.179999999999999993e-02 1.290000000000000001e-02 5.700000000000000205e-02
-7.126794951157562341e-01 7.013965455341669708e-01 1.143779499239911714e-02 1.199753624826030568e-01 2.179999999999999993e-02 1.290000000000000001e-02 5.700000000000000205e-02
9.251089925602621333e-01 -3.653402725357062786e-01 1.034400171484547576e-01 1.199753624826030568e-01 2.179999999999999993e-02 1.290000000000000001e-02 5.700000000000000205e-02
6.207039185973836082e-01 -7.116434499671112079e-02 7.808087355037991451e-01 1.199753624826030568e-01 2.179999999999999993e-02 1.290000000000000001e-02 5.700000000000000205e-02
-2.319057951019944386e-01 5.260939412805555326e-01 8.181961055553876871e-01 1.199753624826030568e-01 2.179999999999999993e-02 1.290000000000000001e-02 5.700000000000000205e-02
-9.187599568667875749e-01 -3.890108658325960866e-01 6.745878684287621996e-02 1.199753624826030568e-01 2.179999999999999993e-02 1.290000000000000001e-02 5.700000000000000205e-02
9.838223534780522472e-01 5.602982981159131820e-02 1.701594398444896405e-01 1.199753624826030568e-01 2.179999999999999993e-02 1.290000000000000001e-02 5.700000000000000205e-02
8.129062672253400956e-01 2.152445269776807335e-01 5.411591210650693595e-01 1.199753624826030568e-01 2.179999999999999993e-02 1.290000000000000001e-02 5.700000000000000205e-02
-4.153830719234933855e-01 -9.029890360247715408e-01 1.098531036359725183e-01 1.199753624826030568e-01 2.179999999999999993e-02 1.290000000000000001e-02 5.700000000000000205e-02
8.640380443670750976e-01 -2.073160803733705149e-01 4.587573440337959774e-01 1.199753624826030568e-01 2.179999999999999993e-02 1.290000000000000001e-02 5.700000000000000205e-02
-4.744583919409512407e-01 2.070428069609782096e-01 8.555831405553324664e-01 1.199753624826030568e-01 2.179999999999999993e-02 1.290000000000000001e-02 5.700000000000000205e-02
-2.869203666565636190e-01 -8.414552456150069526e-01 4.578534403328771152e-01 1.199753624826030568e-01 2.179999999999999993e-02 1.290000000000000001e-02 5.700000000000000205e-02
-7.025411106710961473e-01 -6.751447425106162914e-01 2.249790311946791854e-01 1.199753624826030568e-01 2.179999999999999993e-02 1.290000000000000001e-02 5.700000000000000205e-02
-1.091963355520944035e-01 -6.694864447198606294e-01 7.347544219930597365e-01 1.199753624826030568e-01 2.179999999999999993e-02 1.290000000000000001e-02 5.700000000000000205e-02
8.189542006158417875e-01 5.013659337722525811e-01 2.791884985925190965e-01 1.199753624826030568e-01 2.179999999999999993e-02 1.290000000000000001e-02 5.700000000000000205e-02
-9.701249930275526179e-01 -1.945757550444074391e-02 2.418241109955334145e-01 1.199753624826030568e-01 2.179999999999999993e-02 1.290000000000000001e-02 5.700000000000000205e-02
-2.756671251127316147e-01 7.894178870318092622e-01 5.484770148021840264e-01 1.199753624826030568e-01 2.179999999999999993e-02 1.290000000000000001e-02 5.700000000000000205e-02
1.270818760684760129e-01 8.512112192085743434e-01 5.092049263983696727e-01 1.199753624826030568e-01 2.179999999999999993e-02 1.290000000000000001e-02 5.700000000000000205e-02
5.572970382029929226e-01 7.988550992822038843e-01 2.263858245584118578e-01 1.199753624826030568e-01 2.179999999999999993e-02 1.290000000000000001e-02 5.700000000000000205e-02
4.943348491459201854e-01 3.014430084912986807e-01 8.153313250155393987e-01 1.199753624826030568e-01 2.179999999999999993e-02 1.290000000000000001e-02 5.700000000000000205e-02
-7.852895197860692011e-01 2.703026429290077831e-02 6.185383859765057890e-01 1.199753624826030568e-01 2.179999999999999993e-02 1.290000000000000001e-02 5.700000000000000205e-02
4.045894782012102731e-01 -8.951005236547593391e-01 1.873563628005414095e-01 1.199753624826030568e-01 2.179999999999999993e-02 1.290000000000000001e-02 5.700000000000000205e-02
9.548307368473345214e-02 2.746486210514990645e-01 9.567920973723736955e-01 1.199753624826030568e-01 2.179999999999999993e-02 1.290000000000000001e-02 5.700000000000000205e-02
-1.779212334183647992e-01 1.500403992143752550e-02 9.839303397522223271e-01 1.199753624826030568e-01 2.179999999999999993e-02 1.290000000000000001e-02 5.700000000000000205e-02
2.660178736927150123e-01 -4.998899546778353131e-01 8.242235886506757980e-01 1.199753624826030568e-01 2.179999999999999993e-02 1.290000000000000001e-02 5.700000000000000205e-02
5.124669435237199089e-01 2.265114211079747586e-01 -8.282935517696019545e-01 1.199753624826030568e-01 2.179999999999999993e-02 1.290000000000000001e-02 5.700000000000000205e-02
2.713588489725777819e-01 -9.457124649567991703e-01 -1.788639390978874200e-01 1.199753624826030568e-01 2.179999999999999993e-02 1.290000000000000001e-02 5.700000000000000205e-02
-1.414872102628925155e-01 -9.754806177258619204e-01 -1.685791617406932619e-01 1.199753624826030568e-01 2.179999999999999993e-02 1.290000000000000001e-02 5.700000000000000205e-02
-2.390059679321326347e-01 8.041867616707538691e-01 -5.442056593295686584e-01 1.199753624826030568e-01 2.179999999999999993e-02 1.290000000000000001e-02 5.700000000000000205e-02
6.571428809550239336e-01 -4.334451662758423973e-01 -6.166753780087530501e-01 1.199753624826030568e-01 2.179999999999999993e-02 1.290000000000000001e-02 5.700000000000000205e-02
5.182852114747609207e-01 5.692538786586038846e-01 -6.382244598875052022e-01 1.199753624826030568e-01 2.179999999999999993e-02 1.290000000000000001e-02 5.700000000000000205e-02
1.078153548149972385e-01 3.485315738371929095e-01 -9.310755024726434792e-01 1.199753624826030568e-01 2.179999999999999993e-02 1.290000000000000001e-02 5.700000000000000205e-02
8.880425873881897525e-01 -3.576876420479556673e-01 -2.888596782367919835e-01 1.199753624826030568e-01 2.179999999999999993e-02 1.290000000000000001e-02 5.700000000000000205e-02
-1.392981081805394657e-02 9.760111557422492812e-01 -2.172744445102831323e-01 1.199753624826030568e-01 2.179999999999999993e-02 1.290000000000000001e-02 5.700000000000000205e-02
-5.367712148552497009e-01 -6.230342546922578162e-01 -5.689507714933534910e-01 1.199753624826030568e-01 2.179999999999999993e-02 1.290000000000000001e-02 5.700000000000000205e-02
-1.837384462432276044e-01 -6.028103162099014423e-01 -7.764405360638013676e-01 1.199753624826030568e-01 2.179999999999999993e-02 1.290000000000000001e-02 5.700000000000000205e-02
8.064421096288719726e-01 3.502250778010612131e-01 -4.764383682036690826e-01 1.199753624826030568e-01 2.179999999999999993e-02 1.290000000000000001e-02 5.700000000000000205e-02
-6.673680121220957329e-01 6.451806407284184086e-01 -3.719702638995082133e-01 1.199753624826030568e-01 2.179999999999999993e-02 1.290000000000000001e-02 5.700000000000000205e-02
-5.957643546948323543e-01 4.475789365693758071e-01 -6.668867439186931811e-01 1.199753624826030568e-01 2.179999999999999993e-02 1.290000000000000001e-02 5.700000000000000205e-02
-2.660369133289005594e-01 1.016239107422965415e-01 -9.585911232177527497e-01 1.199753624826030568e-01 2.179999999999999993e-02 1.290000000000000001e-02 5.700000000000000205e-02
6.063438581826009477e-01 -7.089575164172721156e-01 -3.601754649607485370e-01 1.199753624826030568e-01 2.179999999999999993e-02 1.290000000000000001e-02 5.700000000000000205e-02
7.126794951157562341e-01 -7.013965455341669708e-01 -1.143779499239921775e-02 1.199753624826030568e-01 2.179999999999999993e-02 1.290000000000000001e-02 5.700000000000000205e-02
-9.251089925602621333e-01 3.653402725357062786e-01 -1.034400171484548547e-01 1.199753624826030568e-01 2.179999999999999993e-02 1.290000000000000001e-02 5.700000000000000205e-02
-6.207039185973834972e-01 7.116434499671119018e-02 -7.808087355037992561e-01 1.199753624826030568e-01 2.179999999999999993e-02 1.290000000000000001e-02 5.700000000000000205e-02
2.319057951019945496e-01 -5.260939412805556437e-01 -8.181961055553876871e-01 1.199753624826030568e-01 2.179999999999999993e-02 1.290000000000000001e-02 5.700000000000000205e-02
9.187599568667875749e-01 3.890108658325960311e-01 -6.745878684287633098e-02 1.199753624826030568e-01 2.179999999999999993e-02 1.290000000000000001e-02 5.700000000000000205e-02
-9.838223534780522472e-01 -5.602982981159133208e-02 -1.701594398444895295e-01 1.199753624826030568e-01 2.179999999999999993e-02 1.290000000000000001e-02 5.700000000000000205e-02
-8.129062672253400956e-01 -2.152445269776807890e-01 -5.411591210650694705e-01 1.199753624826030568e-01 2.179999999999999993e-02 1.290000000000000001e-02 5.700000000000000205e-02
4.153830719234932745e-01 9.029890360247716519e-01 -1.098531036359726154e-01 1.199753624826030568e-01 2.179999999999999993e-02 1.290000000000000001e-02 5.700000000000000205e-02
-8.640380443670750976e-01 2.073160803733704594e-01 -4.587573440337958663e-01 1.199753624826030568e-01 2.179999999999999993e-02 1.290000000000000001e-02 5.700000000000000205e-02
4.744583919409514072e-01 -2.070428069609782928e-01 -8.555831405553323554e-01 1.199753624826030568e-01 2.179999999999999993e-02 1.290000000000000001e-02 5.700000000000000205e-02
2.869203666565635635e-01 8.414552456150070636e-01 -4.578534403328770042e-01 1.199753624826030568e-01 2.179999999999999993e-02 1.290000000000000001e-02 5.700000000000000205e-02
7.025411106710960363e-01 6.751447425106161804e-01 -2.249790311946792964e-01 1.199753624826030568e-01 2.179999999999999993e-02 1.290000000000000001e-02 5.700000000000000205e-02
1.091963355520943341e-01 6.694864447198606294e-01 -7.347544219930597365e-01 1.199753624826030568e-01 2.179999999999999993e-02 1.290000000000000001e-02 5.700000000000000205e-02
-8.189542006158416765e-01 -5.013659337722524700e-01 -2.791884985925192075e-01 1.199753624826030568e-01 2.179999999999999993e-02 1.290000000000000001e-02 5.700000000000000205e-02
9.701249930275527289e-01 1.945757550444074738e-02 -2.418241109955333035e-01 1.199753624826030568e-01 2.179999999999999993e-02 1.290000000000000001e-02 5.700000000000000205e-02
2.756671251127315037e-01 -7.894178870318092622e-01 -5.484770148021840264e-01 1.199753624826030568e-01 2.179999999999999993e-02 1.290000000000000001e-02 5.700000000000000205e-02
-1.270818760684760684e-01 -8.512112192085741214e-01 -5.092049263983698948e-01 1.199753624826030568e-01 2.179999999999999993e-02 1.290000000000000001e-02 5.700000000000000205e-02
-5.572970382029929226e-01 -7.988550992822038843e-01 -2.263858245584119688e-01 1.199753624826030568e-01 2.179999999999999993e-02 1.290000000000000001e-02 5.700000000000000205e-02
-4.943348491459201854e-01 -3.014430084912986807e-01 -8.153313250155393987e-01 1.199753624826030568e-01 2.179999999999999993e-02 1.290000000000000001e-02 5.700000000000000205e-02
7.852895197860690901e-01 -2.703026429290077484e-02 -6.185383859765057890e-01 1.199753624826030568e-01 2.179999999999999993e-02 1.290000000000000001e-02 5.700000000000000205e-02
-4.045894782012103286e-01 8.951005236547593391e-01 -1.873563628005412984e-01 1.199753624826030568e-01 2.179999999999999993e-02 1.290000000000000001e-02 5.700000000000000205e-02
-9.548307368473343826e-02 -2.746486210514989534e-01 -9.567920973723736955e-01 1.199753624826030568e-01 2.179999999999999993e-02 1.290000000000000001e-02 5.700000000000000205e-02
1.779212334183649935e-01 -1.500403992143754285e-02 -9.839303397522223271e-01 1.199753624826030568e-01 2.179999999999999993e-02 1.290000000000000001e-02 5.700000000000000205e-02
-2.660178736927149012e-01 4.998899546778353131e-01 -8.242235886506759091e-01 1.199753624826030568e-01 2.179999999999999993e-02 1.290000000000000001e-02 5.700000000000000205e-02
-5.124669435237199089e-01 -2.265114211079747586e-01 8.282935517696018435e-01 1.385356156509076064e-01 2.179999999999999993e-02 1.290000000000000001e-02 5.700000000000000205e-02
-2.713588489725778929e-01 9.457124649567991703e-01 1.788639390978875310e-01 1.385356156509076064e-01 2.179999999999999993e-02 1.290000000000000001e-02 5.700000000000000205e-02
1.414872102628924599e-01 9.754806177258620314e-01 1.685791617406931509e-01 1.385356156509076064e-01 2.179999999999999993e-02 1.290000000000000001e-02 5.700000000000000205e-02
2.390059679321324959e-01 -8.041867616707537580e-01 5.442056593295688804e-01 1.385356156509076064e-01 2.179999999999999993e-02 1.290000000000000001e-02 5.700000000000000205e-02
-6.571428809550239336e-01 4.334451662758423418e-01 6.166753780087531611e-01 1.385356156509076064e-01 2.179999999999999993e-02 1.290000000000000001e-02 5.700000000000000205e-02
-5.182852114747609207e-01 -5.692538786586039956e-01 6.382244598875052022e-01 1.385356156509076064e-01 2.179999999999999993e-02 1.290000000000000001e-02 5.700000000000000205e-02
-1.078153548149973079e-01 -3.485315738371930205e-01 9.310755024726434792e-01 1.385356156509076064e-01 2.179999999999999993e-02 1.290000000000000001e-02 5.700000000000000205e-02
-8.880425873881897525e-01 3.576876420479556673e-01 2.888596782367918725e-01 1.385356156509076064e-01 2.179999999999999993e-02 1.290000000000000001e-02 5.700000000000000205e-02
1.392981081805385116e-02 -9.760111557422492812e-01 2.172744445102832433e-01 1.385356156509076064e-01 2.179999999999999993e-02 1.290000000000000001e-02 5.700000000000000205e-02
5.367712148552495899e-01 6.230342546922578162e-01 5.689507714933536020e-01 1.385356156509076064e-01 2.179999999999999993e-02 1.290000000000000001e-02 5.700000000000000205e-02
1.837384462432275767e-01 6.028103162099015533e-01 7.764405360638012565e-01 1.385356156509076064e-01 2.179999999999999993e-02 1.290000000000000001e-02 5.700000000000000205e-02
-8.064421096288719726e-01 -3.502250778010612686e-01 4.764383682036691936e-01 1.385356156509076064e-01 2.179999999999999993e-02 1.290000000000000001e-02 5.700000000000000205e-02
6.673680121220958439e-01 -6.451806407284184086e-01 3.719702638995081023e-01 1.385356156509076064e-01 2.179999999999999993e-02 1.290000000000000001e-02 5.700000000000000205e-02
5.957643546948324653e-01 -4.475789365693756960e-01 6.668867439186931811e-01 1.385356156509076064e-01 2.179999999999999993e-02 1.290000000000000001e-02 5.700000000000000205e-02
2.660369133289005039e-01 -1.016239107422964860e-01 9.585911232177527497e-01 1.385356156509076064e-01 2.179999999999999993e-02 1.290000000000000001e-02 5.700000000000000205e-02
-6.063438581826009477e-01 7.089575164172721156e-01 3.601754649607486480e-01 1.385356156509076064e-01 2.179999999999999993e-02 1.290000000000000001e-02 5.700000000000000205e-02
-7.126794951157562341e-01 7.013965455341669708e-01 1.143779499239911714e-02 1.385356156509076064e-01 2.179999999999999993e-02 1.290000000000000001e-02 5.700000000000000205e-02
9.251089925602621333e-01 -3.653402725357062786e-01 1.034400171484547576e-01 1.385356156509076064e-01 2.179999999999999993e-02 1.290000000000000001e-02 5.700000000000000205e-02
6.207039185973836082e-01 -7.116434499671112079e-02 7.808087355037991451e-01 1.385356156509076064e-01 2.179999999999999993e-02 1.290000000000000001e-02 5.700000000000000205e-02
-2.319057951019944386e-01 5.260939412805555326e-01 8.181961055553876871e-01 1.385356156509076064e-01 2.179999999999999993e-02 1.290000000000000001e-02 5.700000000000000205e-02
-9.187599568667875749e-01 -3.890108658325960866e-01 6.745878684287621996e-02 1.385356156509076064e-01 2.179999999999999993e-02 1.290000000000000001e-02 5.700000000000000205e-02
9.838223534780522472e-01 5.602982981159131820e-02 1.701594398444896405e-01 1.385356156509076064e-01 2.179999999999999993e-02 1.290000000000000001e-02 5.700000000000000205e-02
8.129062672253400956e-01 2.152445269776807335e-01 5.411591210650693595e-01 1.385356156509076064e-01 2.179999999999999993e-02 1.290000000000000001e-02 5.700000000000000205e-02
-4.153830719234933855e-01 -9.029890360247715408e-01 1.098531036359725183e-01 1.385356156509076064e-01 2.179999999999999993e-02 1.290000000000000001e-02 5.700000000000000205e-02
8.640380443670750976e-01 -2.073160803733705149e-01 4.587573440337959774e-01 1.385356156509076064e-01 2.179999999999999993e-02 1.290000000000000001e-02 5.700000000000000205e-02
-4.744583919409512407e-01 2.070428069609782096e-01 8.555831405553324664e-01 1.385356156509076064e-01 2.179999999999999993e-02 1.290000000000000001e-02 5.700000000000000205e-02
-2.869203666565636190e-01 -8.414552456150069526e-01 4.578534403328771152e-01 1.385356156509076064e-01 2.179999999999999993e-02 1.290000000000000001e-02 5.700000000000000205e-02
-7.025411106710961473e-01 -6.751447425106162914e-01 2.249790311946791854e-01 1.385356156509076064e-01 2.179999999999999993e-02 1.290000000000000001e-02 5.700000000000000205e-02
-1.091963355520944035e-01 -6.694864447198606294e-01 7.347544219930597365e-01 1.385356156509076064e-01 2.179999999999999993e-02 1.290000000000000001e-02 5.700000000000000205e-02
8.189542006158417875e-01 5.013659337722525811e-01 2.791884985925190965e-01 1.385356156509076064e-01 2.179999999999999993e-02 1.290000000000000001e-02 5.700000000000000205e-02
-9.701249930275526179e-01 -1.945757550444074391e-02 2.418241109955334145e-01 1.385356156509076064e-01 2.179999999999999993e-02 1.290000000000000001e-02 5.700000000000000205e-02
-2.756671251127316147e-01 7.894178870318092622e-01 5.484770148021840264e-01 1.385356156509076064e-01 2.179999999999999993e-02 1.290000000000000001e-02 5.700000000000000205e-02
1.270818760684760129e-01 8.512112192085743434e-01 5.092049263983696727e-01 1.385356156509076064e-01 2.179999999999999993e-02 1.290000000000000001e-02 5.700000000000000205e-02
5.572970382029929226e-01 7.988550992822038843e-01 2.263858245584118578e-01 1.385356156509076064e-01 2.179999999999999993e-02 1.290000000000000001e-02 5.700000000000000205e-02
4.943348491459201854e-01 3.014430084912986807e-01 8.153313250155393987e-01 1.385356156509076064e-01 2.179999999999999993e-02 1.290000000000000001e-02 5.700000000000000205e-02
-7.852895197860692011e-01 2.703026429290077831e-02 6.185383859765057890e-01 1.385356156509076064e-01 2.179999999999999993e-02 1.290000000000000001e-02 5.700000000000000205e-02
4.045894782012102731e-01 -8.951005236547593391e-01 1.873563628005414095e-01 1.385356156509076064e-01 2.179999999999999993e-02 1.290000000000000001e-02 5.700000000000000205e-02
9.548307368473345214e-02 2.746486210514990645e-01 9.567920973723736955e-01 1.385356156509076064e-01 2.179999999999999993e-02 1.290000000000000001e-02 5.700000000000000205e-02
-1.779212334183647992e-01 1.500403992143752550e-02 9.839303397522223271e-01 1.385356156509076064e-01 2.179999999999999993e-02 1.290000000000000001e-02 5.700000000000000205e-02
2.660178736927150123e-01 -4.998899546778353131e-01 8.242235886506757980e-01 1.385356156509076064e-01 2.179999999999999993e-02 1.290000000000000001e-02 5.700000000000000205e-02
5.124669435237199089e-01 2.265114211079747586e-01 -8.282935517696019545e-01 1.385356156509076064e-01 2.179999999999999993e-02 1.290000000000000001e-02 5.700000000000000205e-02
2.713588489725777819e-01 -9.457124649567991703e-01 -1.788639390978874200e-01 1.385356156509076064e-01 2.179999999999999993e-02 1.290000000000000001e-02 5.700000000000000205e-02
-1.414872102628925155e-01 -9.754806177258619204e-01 -1.685791617406932619e-01 1.385356156509076064e-01 2.179999999999999993e-02 1.290000000000000001e-02 5.700000000000000205e-02
-2.390059679321326347e-01 8.041867616707538691e-01 -5.442056593295686584e-01 1.385356156509076064e-01 2.179999999999999993e-02 1.290000000000000001e-02 5.700000000000000205e-02
6.571428809550239336e-01 -4.334451662758423973e-01 -6.166753780087530501e-01 1.385356156509076064e-01 2.179999999999999993e-02 1.290000000000000001e-02 5.700000000000000205e-02
5.182852114747609207e-01 5.692538786586038846e-01 -6.382244598875052022e-01 1.385356156509076064e-01 2.179999999999999993e-02 1.290000000000000001e-02 5.700000000000000205e-02
1.078153548149972385e-01 3.485315738371929095e-01 -9.310755024726434792e-01 1.385356156509076064e-01 2.179999999999999993e-02 1.290000000000000001e-02 5.700000000000000205e-02
8.880425873881897525e-01 -3.576876420479556673e-01 -2.888596782367919835e-01 1.385356156509076064e-01 2.179999999999999993e-02 1.290000000000000001e-02 5.700000000000000205e-02
-1.392981081805394657e-02 9.760111557422492812e-01 -2.172744445102831323e-01 1.385356156509076064e-01 2.179999999999999993e-02 1.290000000000000001e-02 5.700000000000000205e-02
-5.367712148552497009e-01 -6.230342546922578162e-01 -5.689507714933534910e-01 1.385356156509076064e-01 2.179999999999999993e-02 1.290000000000000001e-02 5.700000000000000205e-02
-1.837384462432276044e-01 -6.028103162099014423e-01 -7.764405360638013676e-01 1.385356156509076064e-01 2.179999999999999993e-02 1.290000000000000001e-02 5.700000000000000205e-02
8.064421096288719726e-01 3.502250778010612131e-01 -4.764383682036690826e-01 1.385356156509076064e-01 2.179999999999999993e-02 1.290000000000000001e-02 5.700000000000000205e-02
-6.673680121220957329e-01 6.451806407284184086e-01 -3.719702638995082133e-01 1.385356156509076064e-01 2.179999999999999993e-02 1.290000000000000001e-02 5.700000000000000205e-02
-5.957643546948323543e-01 4.475789365693758071e-01 -6.668867439186931811e-01 1.385356156509076064e-01 2.179999999999999993e-02 1.290000000000000001e-02 5.700000000000000205e-02
-2.660369133289005594e-01 1.016239107422965415e-01 -9.585911232177527497e-01 1.385356156509076064e-01 2.179999999999999993e-02 1.290000000000000001e-02 5.700000000000000205e-02
6.063438581826009477e-01 -7.089575164172721156e-01 -3.601754649607485370e-01 1.385356156509076064e-01 2.179999999999999993e-02 1.290000000000000001e-02 5.700000000000000205e-02
7.126794951157562341e-01 -7.013965455341669708e-01 -1.143779499239921775e-02 1.385356156509076064e-01 2.179999999999999993e-02 1.290000000000000001e-02 5.700000000000000205e-02
-9.251089925602621333e-01 3.653402725357062786e-01 -1.034400171484548547e-01 1.385356156509076064e-01 2.179999999999999993e-02 1.290000000000000001e-02 5.700000000000000205e-02
-6.207039185973834972e-01 7.116434499671119018e-02 -7.808087355037992561e-01 1.385356156509076064e-01 2.179999999999999993e-02 1.290000000000000001e-02 5.700000000000000205e-02
2.319057951019945496e-01 -5.260939412805556437e-01 -8.181961055553876871e-01 1.385356156509076064e-01 2.179999999999999993e-02 1.290000000000000001e-02 5.700000000000000205e-02
9.187599568667875749e-01 3.890108658325960311e-01 -6.745878684287633098e-02 1.385356156509076064e-01 2.179999999999999993e-02 1.290000000000000001e-02 5.700000000000000205e-02
-9.838223534780522472e-01 -5.602982981159133208e-02 -1.701594398444895295e-01 1.385356156509076064e-01 2.179999999999999993e-02 1.290000000000000001e-02 5.700000000000000205e-02
-8.129062672253400956e-01 -2.152445269776807890e-01 -5.411591210650694705e-01 1.385356156509076064e-01 2.179999999999999993e-02 1.290000000000000001e-02 5.700000000000000205e-02
4.153830719234932745e-01 9.029890360247716519e-01 -1.098531036359726154e-01 1.385356156509076064e-01 2.179999999999999993e-02 1.290000000000000001e-02 5.700000000000000205e-02
-8.640380443670750976e-01 2.073160803733704594e-01 -4.587573440337958663e-01 1.385356156509076064e-01 2.179999999999999993e-02 1.290000000000000001e-02 5.700000000000000205e-02
4.744583919409514072e-01 -2.070428069609782928e-01 -8.555831405553323554e-01 1.385356156509076064e-01 2.179999999999999993e-02 1.290000000000000001e-02 5.700000000000000205e-02
2.869203666565635635e-01 8.414552456150070636e-01 -4.578534403328770042e-01 1.385356156509076064e-01 2.179999999999999993e-02 1.290000000000000001e-02 5.700000000000000205e-02
7.025411106710960363e-01 6.751447425106161804e-01 -2.249790311946792964e-01 1.385356156509076064e-01 2.179999999999999993e-02 1.290000000000000001e-02 5.700000000000000205e-02
1.091963355520943341e-01 6.694864447198606294e-01 -7.347544219930597365e-01 1.385356156509076064e-01 2.179999999999999993e-02 1.290000000000000001e-02 5.700000000000000205e-02
-8.189542006158416765e-01 -5.013659337722524700e-01 -2.791884985925192075e-01 1.385356156509076064e-01 2.179999999999999993e-02 1.290000000000000001e-02 5.700000000000000205e-02
9.701249930275527289e-01 1.945757550444074738e-02 -2.418241109955333035e-01 1.385356156509076064e-01 2.179999999999999993e-02 1.290000000000000001e-02 5.700000000000000205e-02
2.756671251127315037e-01 -7.894178870318092622e-01 -5.484770148021840264e-01 1.385356156509076064e-01 2.179999999999999993e-02 1.290000000000000001e-02 5.700000000000000205e-02
-1.270818760684760684e-01 -8.512112192085741214e-01 -5.092049263983698948e-01 1.385356156509076064e-01 2.179999999999999993e-02 1.290000000000000001e-02 5.700000000000000205e-02
-5.572970382029929226e-01 -7.988550992822038843e-01 -2.263858245584119688e-01 1.385356156509076064e-01 2.179999999999999993e-02 1.290000000000000001e-02 5.700000000000000205e-02
-4.943348491459201854e-01 -3.014430084912986807e-01 -8.153313250155393987e-01 1.385356156509076064e-01 2.179999999999999993e-02 1.290000000000000001e-02 5.700000000000000205e-02
7.852895197860690901e-01 -2.703026429290077484e-02 -6.185383859765057890e-01 1.385356156509076064e-01 2.179999999999999993e-02 1.290000000000000001e-02 5.700000000000000205e-02
-4.045894782012103286e-01 8.951005236547593391e-01 -1.873563628005412984e-01 1.385356156509076064e-01 2.179999999999999993e-02 1.290000000000000001e-02 5.700000000000000205e-02
-9.548307368473343826e-02 -2.746486210514989534e-01 -9.567920973723736955e-01 1.385356156509076064e-01 2.179999999999999993e-02 1.290000000000000001e-02 5.700000000000000205e-02
1.779212334183649935e-01 -1.500403992143754285e-02 -9.839303397522223271e-01 1.385356156509076064e-01 2.179999999999999993e-02 1.290000000000000001e-02 5.700000000000000205e-02
-2.660178736927149012e-01 4.998899546778353131e-01 -8.242235886506759091e-01 1.385356156509076064e-01 2.179999999999999993e-02 1.290000000000000001e-02 5.700000000000000205e-02
-5.124669435237199089e-01 -2.265114211079747586e-01 8.282935517696018435e-01 1.548875269501065743e-01 2.179999999999999993e-02 1.290000000000000001e-02 5.700000000000000205e-02
-2.713588489725778929e-01 9.457124649567991703e-01 1.788639390978875310e-01 1.548875269501065743e-01 2.179999999999999993e-02 1.290000000000000001e-02 5.700000000000000205e-02
1.414872102628924599e-01 9.754806177258620314e-01 1.685791617406931509e-01 1.548875269501065743e-01 2.179999999999999993e-02 1.290000000000000001e-02 5.700000000000000205e-02
2.390059679321324959e-01 -8.041867616707537580e-01 5.442056593295688804e-01 1.548875269501065743e-01 2.179999999999999993e-02 1.290000000000000001e-02 5.700000000000000205e-02
-6.571428809550239336e-01 4.334451662758423418e-01 6.166753780087531611e-01 1.548875269501065743e-01 2.179999999999999993e-02 1.290000000000000001e-02 5.700000000000000205e-02
-5.182852114747609207e-01 -5.692538786586039956e-01 6.382244598875052022e-01 1.548875269501065743e-01 2.179999999999999993e-02 1.290000000000000001e-02 5.700000000000000205e-02
-1.078153548149973079e-01 -3.485315738371930205e-01 9.310755024726434792e-01 1.548875269501065743e-01 2.179999999999999993e-02 1.290000000000000001e-02 5.700000000000000205e-02
-8.880425873881897525e-01 3.576876420479556673e-01 2.888596782367918725e-01 1.548875269501065743e-01 2.179999999999999993e-02 1.290000000000000001e-02 5.700000000000000205e-02
1.392981081805385116e-02 -9.760111557422492812e-01 2.172744445102832433e-01 1.548875269501065743e-01 2.179999999999999993e-02 1.290000000000000001e-02 5.700000000000000205e-02
5.367712148552495899e-01 6.230342546922578162e-01 5.689507714933536020e-01 1.548875269501065743e-01 2.179999999999999993e-02 1.290000000000000001e-02 5.700000000000000205e-02
1.837384462432275767e-01 6.028103162099015533e-01 7.764405360638012565e-01 1.548875269501065743e-01 2.179999999999999993e-02 1.290000000000000001e-02 5.700000000000000205e-02
-8.064421096288719726e-01 -3.502250778010612686e-01 4.764383682036691936e-01 1.548875269501065743e-01 2.179999999999999993e-02 1.290000000000000001e-02 5.700000000000000205e-02
6.673680121220958439e-01 -6.451806407284184086e-01 3.719702638995081023e-01 1.548875269501065743e-01 2.179999999999999993e-02 1.290000000000000001e-02 5.700000000000000205e-02
5.957643546948324653e-01 -4.475789365693756960e-01 6.668867439186931811e-01 1.548875269501065743e-01 2.179999999999999993e-02 1.290000000000000001e-02 5.700000000000000205e-02
2.660369133289005039e-01 -1.016239107422964860e-01 9.585911232177527497e-01 1.548875269501065743e-01 2.179999999999999993e-02 1.290000000000000001e-02 5.700000000000000205e-02
-6.063438581826009477e-01 7.089575164172721156e-01 3.601754649607486480e-01 1.548875269501065743e-01 2.179999999999999993e-02 1.290000000000000001e-02 5.700000000000000205e-02
-7.126794951157562341e-01 7.013965455341669708e-01 1.143779499239911714e-02 1.548875269501065743e-01 2.179999999999999993e-02 1.290000000000000001e-02 5.700000000000000205e-02
9.251089925602621333e-01 -3.653402725357062786e-01 1.034400171484547576e-01 1.548875269501065743e-01 2.179999999999999993e-02 1.290000000000000001e-02 5.700000000000000205e-02
6.207039185973836082e-01 -7.116434499671112079e-02 7.808087355037991451e-01 1.548875269501065743e-01 2.179999999999999993e-02 1.290000000000000001e-02 5.700000000000000205e-02
-2.319057951019944386e-01 5.260939412805555326e-01 8.181961055553876871e-01 1.548875269501065743e-01 2.179999999999999993e-02 1.290000000000000001e-02 5.700000000000000205e-02
-9.187599568667875749e-01 -3.890108658325960866e-01 6.745878684287621996e-02 1.548875269501065743e-01 2.179999999999999993e-02 1.290000000000000001e-02 5.700000000000000205e-02
9.838223534780522472e-01 5.602982981159131820e-02 1.701594398444896405e-01 1.548875269501065743e-01 2.179999999999999993e-02 1.290000000000000001e-02 5.700000000000000205e-02
8.129062672253400956e-01 2.152445269776807335e-01 5.411591210650693595e-01 1.548875269501065743e-01 2.179999999999999993e-02 1.290000000000000001e-02 5.700000000000000205e-02
-4.153830719234933855e-01 -9.029890360247715408e-01 1.098531036359725183e-01 1.548875269501065743e-01 2.179999999999999993e-02 1.290000000000000001e-02 5.700000000000000205e-02
8.640380443670750976e-01 -2.073160803733705149e-01 4.587573440337959774e-01 1.548875269501065743e-01 2.179999999999999993e-02 1.290000000000000001e-02 5.700000000000000205e-02
-4.744583919409512407e-01 2.070428069609782096e-01 8.555831405553324664e-01 1.548875269501065743e-01 2.179999999999999993e-02 1.290000000000000001e-02 5.700000000000000205e-02
-2.869203666565636190e-01 -8.414552456150069526e-01 4.578534403328771152e-01 1.548875269501065743e-01 2.179999999999999993e-02 1.290000000000000001e-02 5.700000000000000205e-02
-7.025411106710961473e-01 -6.751447425106162914e-01 2.249790311946791854e-01 1.548875269501065743e-01 2.179999999999999993e-02 1.290000000000000001e-02 5.700000000000000205e-02
-1.091963355520944035e-01 -6.694864447198606294e-01 7.347544219930597365e-01 1.548875269501065743e-01 2.179999999999999993e-02 1.290000000000000001e-02 5.700000000000000205e-02
8.189542006158417875e-01 5.013659337722525811e-01 2.791884985925190965e-01 1.548875269501065743e-01 2.179999999999999993e-02 1.290000000000000001e-02 5.700000000000000205e-02
-9.701249930275526179e-01 -1.945757550444074391e-02 2.418241109955334145e-01 1.548875269501065743e-01 2.179999999999999993e-02 1.290000000000000001e-02 5.700000000000000205e-02
-2.756671251127316147e-01 7.894178870318092622e-01 5.484770148021840264e-01 1.548875269501065743e-01 2.179999999999999993e-02 1.290000000000000001e-02 5.700000000000000205e-02
1.270818760684760129e-01 8.512112192085743434e-01 5.092049263983696727e-01 1.548875269501065743e-01 2.179999999999999993e-02 1.290000000000000001e-02 5.700000000000000205e-02
5.572970382029929226e-01 7.988550992822038843e-01 2.263858245584118578e-01 1.548875269501065743e-01 2.179999999999999993e-02 1.290000000000000001e-02 5.700000000000000205e-02
4.943348491459201854e-01 3.014430084912986807e-01 8.153313250155393987e-01 1.548875269501065743e-01 2.179999999999999993e-02 1.290000000000000001e-02 5.700000000000000205e-02
-7.852895197860692011e-01 2.703026429290077831e-02 6.185383859765057890e-01 1.548875269501065743e-01 2.179999999999999993e-02 1.290000000000000001e-02 5.700000000000000205e-02
4.045894782012102731e-01 -8.951005236547593391e-01 1.873563628005414095e-01 1.548875269501065743e-01 2.179999999999999993e-02 1.290000000000000001e-02 5.700000000000000205e-02
9.548307368473345214e-02 2.746486210514990645e-01 9.567920973723736955e-01 1.548875269501065743e-01 2.179999999999999993e-02 1.290000000000000001e-02 5.700000000000000205e-02
-1.779212334183647992e-01 1.500403992143752550e-02 9.839303397522223271e-01 1.548875269501065743e-01 2.179999999999999993e-02 1.290000000000000001e-02 5.700000000000000205e-02
2.660178736927150123e-01 -4.998899546778353131e-01 8.242235886506757980e-01 1.548875269501065743e-01 2.179999999999999993e-02 1.290000000000000001e-02 5.700000000000000205e-02
5.124669435237199089e-01 2.265114211079747586e-01 -8.282935517696019545e-01 1.548875269501065743e-01 2.179999999999999993e-02 1.290000000000000001e-02 5.700000000000000205e-02
2.713588489725777819e-01 -9.457124649567991703e-01 -1.788639390978874200e-01 1.548875269501065743e-01 2.179999999999999993e-02 1.290000000000000001e-02 5.700000000000000205e-02
-1.414872102628925155e-01 -9.754806177258619204e-01 -1.685791617406932619e-01 1.548875269501065743e-01 2.179999999999999993e-02 1.290000000000000001e-02 5.700000000000000205e-02
-2.390059679321326347e-01 8.041867616707538691e-01 -5.442056593295686584e-01 1.548875269501065743e-01 2.179999999999999993e-02 1.290000000000000001e-02 5.700000000000000205e-02
6.571428809550239336e-01 -4.334451662758423973e-01 -6.166753780087530501e-01 1.548875269501065743e-01 2.179999999999999993e-02 1.290000000000000001e-02 5.700000000000000205e-02
5.182852114747609207e-01 5.692538786586038846e-01 -6.382244598875052022e-01 1.548875269501065743e-01 2.179999999999999993e-02 1.290000000000000001e-02 5.700000000000000205e-02
1.078153548149972385e-01 3.485315738371929095e-01 -9.310755024726434792e-01 1.548875269501065743e-01 2.179999999999999993e-02 1.290000000000000001e-02 5.700000000000000205e-02
8.880425873881897525e-01 -3.576876420479556673e-01 -2.888596782367919835e-01 1.548875269501065743e-01 2.179999999999999993e-02 1.290000000000000001e-02 5.700000000000000205e-02
-1.392981081805394657e-02 9.760111557422492812e-01 -2.172744445102831323e-01 1.548875269501065743e-01 2.179999999999999993e-02 1.290000000000000001e-02 5.700000000000000205e-02
-5.367712148552497009e-01 -6.230342546922578162e-01 -5.689507714933534910e-01 1.548875269501065743e-01 2.179999999999999993e-02 1.290000000000000001e-02 5.700000000000000205e-02
-1.837384462432276044e-01 -6.028103162099014423e-01 -7.764405360638013676e-01 1.548875269501065743e-01 2.179999999999999993e-02 1.290000000000000001e-02 5.700000000000000205e-02
8.064421096288719726e-01 3.502250778010612131e-01 -4.764383682036690826e-01 1.548875269501065743e-01 2.179999999999999993e-02 1.290000000000000001e-02 5.700000000000000205e-02
-6.673680121220957329e-01 6.451806407284184086e-01 -3.719702638995082133e-01 1.548875269501065743e-01 2.179999999999999993e-02 1.290000000000000001e-02 5.700000000000000205e-02
-5.957643546948323543e-01 4.475789365693758071e-01 -6.668867439186931811e-01 1.548875269501065743e-01 2.179999999999999993e-02 1.290000000000000001e-02 5.700000000000000205e-02
-2.660369133289005594e-01 1.016239107422965415e-01 -9.585911232177527497e-01 1.548875269501065743e-01 2.179999999999999993e-02 1.290000000000000001e-02 5.700000000000000205e-02
6.063438581826009477e-01 -7.089575164172721156e-01 -3.601754649607485370e-01 1.548875269501065743e-01 2.179999999999999993e-02 1.290000000000000001e-02 5.700000000000000205e-02
7.126794951157562341e-01 -7.013965455341669708e-01 -1.143779499239921775e-02 1.548875269501065743e-01 2.179999999999999993e-02 1.290000000000000001e-02 5.700000000000000205e-02
-9.251089925602621333e-01 3.653402725357062786e-01 -1.034400171484548547e-01 1.548875269501065743e-01 2.179999999999999993e-02 1.290000000000000001e-02 5.700000000000000205e-02
-6.207039185973834972e-01 7.116434499671119018e-02 -7.808087355037992561e-01 1.548875269501065743e-01 2.179999999999999993e-02 1.290000000000000001e-02 5.700000000000000205e-02
2.319057951019945496e-01 -5.260939412805556437e-01 -8.181961055553876871e-01 1.548875269501065743e-01 2.179999999999999993e-02 1.290000000000000001e-02 5.700000000000000205e-02
9.187599568667875749e-01 3.890108658325960311e-01 -6.745878684287633098e-02 1.548875269501065743e-01 2.179999999999999993e-02 1.290000000000000001e-02 5.700000000000000205e-02
-9.838223534780522472e-01 -5.602982981159133208e-02 -1.701594398444895295e-01 1.548875269501065743e-01 2.179999999999999993e-02 1.290000000000000001e-02 5.700000000000000205e-02
-8.129062672253400956e-01 -2.152445269776807890e-01 -5.411591210650694705e-01 1.548875269501065743e-01 2.179999999999999993e-02 1.290000000000000001e-02 5.700000000000000205e-02
4.153830719234932745e-01 9.029890360247716519e-01 -1.098531036359726154e-01 1.548875269501065743e-01 2.179999999999999993e-02 1.290000000000000001e-02 5.700000000000000205e-02
-8.640380443670750976e-01 2.073160803733704594e-01 -4.587573440337958663e-01 1.548875269501065743e-01 2.179999999999999993e-02 1.290000000000000001e-02 5.700000000000000205e-02
4.744583919409514072e-01 -2.070428069609782928e-01 -8.555831405553323554e-01 1.548875269501065743e-01 2.179999999999999993e-02 1.290000000000000001e-02 5.700000000000000205e-02
2.869203666565635635e-01 8.414552456150070636e-01 -4.578534403328770042e-01 1.548875269501065743e-01 2.179999999999999993e-02 1.290000000000000001e-02 5.700000000000000205e-02
7.025411106710960363e-01 6.751447425106161804e-01 -2.249790311946792964e-01 1.548875269501065743e-01 2.179999999999999993e-02 1.290000000000000001e-02 5.700000000000000205e-02
1.091963355520943341e-01 6.694864447198606294e-01 -7.347544219930597365e-01 1.548875269501065743e-01 2.179999999999999993e-02 1.290000000000000001e-02 5.700000000000000205e-02
-8.189542006158416765e-01 -5.013659337722524700e-01 -2.791884985925192075e-01 1.548875269501065743e-01 2.179999999999999993e-02 1.290000000000000001e-02 5.700000000000000205e-02
9.701249930275527289e-01 1.945757550444074738e-02 -2.418241109955333035e-01 1.548875269501065743e-01 2.179999999999999993e-02 1.290000000000000001e-02 5.700000000000000205e-02
2.756671251127315037e-01 -7.894178870318092622e-01 -5.484770148021840264e-01 1.548875269501065743e-01 2.179999999999999993e-02 1.290000000000000001e-02 5.700000000000000205e-02
-1.270818760684760684e-01 -8.512112192085741214e-01 -5.092049263983698948e-01 1.548875269501065743e-01 2.179999999999999993e-02 1.290000000000000001e-02 5.700000000000000205e-02
-5.572970382029929226e-01 -7.988550992822038843e-01 -2.263858245584119688e-01 1.548875269501065743e-01 2.179999999999999993e-02 1.290000000000000001e-02 5.700000000000000205e-02
-4.943348491459201854e-01 -3.014430084912986807e-01 -8.153313250155393987e-01 1.548875269501065743e-01 2.179999999999999993e-02 1.290000000000000001e-02 5.700000000000000205e-02
7.852895197860690901e-01 -2.703026429290077484e-02 -6.185383859765057890e-01 1.548875269501065743e-01 2.179999999999999993e-02 1.290000000000000001e-02 5.700000000000000205e-02
-4.045894782012103286e-01 8.951005236547593391e-01 -1.873563628005412984e-01 1.548875269501065743e-01 2.179999999999999993e-02 1.290000000000000001e-02 5.700000000000000205e-02
-9.548307368473343826e-02 -2.746486210514989534e-01 -9.567920973723736955e-01 1.548875269501065743e-01 2.179999999999999993e-02 1.290000000000000001e-02 5.700000000000000205e-02
1.779212334183649935e-01 -1.500403992143754285e-02 -9.839303397522223271e-01 1.548875269501065743e-01 2.179999999999999993e-02 1.290000000000000001e-02 5.700000000000000205e-02
-2.660178736927149012e-01 4.998899546778353131e-01 -8.242235886506759091e-01 1.548875269501065743e-01 2.179999999999999993e-02 1.290000000000000001e-02 5.700000000000000205e-02
-5.124669435237199089e-01 -2.265114211079747586e-01 8.282935517696018435e-01 2.190440412552689675e-01 2.179999999999999993e-02 1.290000000000000001e-02 5.700000000000000205e-02
-2.713588489725778929e-01 9.457124649567991703e-01 1.788639390978875310e-01 2.190440412552689675e-01 2.179999999999999993e-02 1.290000000000000001e-02 5.700000000000000205e-02
1.414872102628924599e-01 9.754806177258620314e-01 1.685791617406931509e-01 2.190440412552689675e-01 2.179999999999999993e-02 1.290000000000000001e-02 5.700000000000000205e-02
2.390059679321324959e-01 -8.041867616707537580e-01 5.442056593295688804e-01 2.190440412552689675e-01 2.179999999999999993e-02 1.290000000000000001e-02 5.700000000000000205e-02
-6.571428809550239336e-01 4.334451662758423418e-01 6.166753780087531611e-01 2.190440412552689675e-01 2.179999999999999993e-02 1.290000000000000001e-02 5.700000000000000205e-02
-5.182852114747609207e-01 -5.692538786586039956e-01 6.382244598875052022e-01 2.190440412552689675e-01 2.179999999999999993e-02 1.290000000000000001e-02 5.700000000000000205e-02
-1.078153548149973079e-01 -3.485315738371930205e-01 9.310755024726434792e-01 2.190440412552689675e-01 2.179999999999999993e-02 1.290000000000000001e-02 5.700000000000000205e-02
-8.880425873881897525e-01 3.576876420479556673e-01 2.888596782367918725e-01 2.190440412552689675e-01 2.179999999999999993e-02 1.290000000000000001e-02 5.700000000000000205e-02
1.392981081805385116e-02 -9.760111557422492812e-01 2.172744445102832433e-01 2.190440412552689675e-01 2.179999999999999993e-02 1.290000000000000001e-02 5.700000000000000205e-02
5.367712148552495899e-01 6.230342546922578162e-01 5.689507714933536020e-01 2.190440412552689675e-01 2.179999999999999993e-02 1.290000000000000001e-02 5.700000000000000205e-02
1.837384462432275767e-01 6.028103162099015533e-01 7.764405360638012565e-01 2.190440412552689675e-01 2.179999999999999993e-02 1.290000000000000001e-02 5.700000000000000205e-02
-8.064421096288719726e-01 -3.502250778010612686e-01 4.764383682036691936e-01 2.190440412552689675e-01 2.179999999999999993e-02 1.290000000000000001e-02 5.700000000000000205e-02
6.673680121220958439e-01 -6.451806407284184086e-01 3.719702638995081023e-01 2.190440412552689675e-01 2.179999999999999993e-02 1.290000000000000001e-02 5.700000000000000205e-02
5.957643546948324653e-01 -4.475789365693756960e-01 6.668867439186931811e-01 2.190440412552689675e-01 2.179999999999999993e-02 1.290000000000000001e-02 5.700000000000000205e-02
2.660369133289005039e-01 -1.016239107422964860e-01 9.585911232177527497e-01 2.190440412552689675e-01 2.179999999999999993e-02 1.290000000000000001e-02 5.700000000000000205e-02
-6.063438581826009477e-01 7.089575164172721156e-01 3.601754649607486480e-01 2.190440412552689675e-01 2.179999999999999993e-02 1.290000000000000001e-02 5.700000000000000205e-02
-7.126794951157562341e-01 7.013965455341669708e-01 1.143779499239911714e-02 2.190440412552689675e-01 2.179999999999999993e-02 1.290000000000000001e-02 5.700000000000000205e-02
9.251089925602621333e-01 -3.653402725357062786e-01 1.034400171484547576e-01 2.190440412552689675e-01 2.179999999999999993e-02 1.290000000000000001e-02 5.700000000000000205e-02
6.207039185973836082e-01 -7.116434499671112079e-02 7.808087355037991451e-01 2.190440412552689675e-01 2.179999999999999993e-02 1.290000000000000001e-02 5.700000000000000205e-02
-2.319057951019944386e-01 5.260939412805555326e-01 8.181961055553876871e-01 2.190440412552689675e-01 2.179999999999999993e-02 1.290000000000000001e-02 5.700000000000000205e-02
-9.187599568667875749e-01 -3.890108658325960866e-01 6.745878684287621996e-02 2.190440412552689675e-01 2.179999999999999993e-02 1.290000000000000001e-02 5.700000000000000205e-02
9.838223534780522472e-01 5.602982981159131820e-02 1.701594398444896405e-01 2.190440412552689675e-01 2.179999999999999993e-02 1.290000000000000001e-02 5.700000000000000205e-02
8.129062672253400956e-01 2.152445269776807335e-01 5.411591210650693595e-01 2.190440412552689675e-01 2.179999999999999993e-02 1.290000000000000001e-02 5.700000000000000205e-02
-4.153830719234933855e-01 -9.029890360247715408e-01 1.098531036359725183e-01 2.190440412552689675e-01 2.179999999999999993e-02 1.290000000000000001e-02 5.700000000000000205e-02
8.640380443670750976e-01 -2.073160803733705149e-01 4.587573440337959774e-01 2.190440412552689675e-01 2.179999999999999993e-02 1.290000000000000001e-02 5.700000000000000205e-02
-4.744583919409512407e-01 2.070428069609782096e-01 8.555831405553324664e-01 2.190440412552689675e-01 2.179999999999999993e-02 1.290000000000000001e-02 5.700000000000000205e-02
-2.869203666565636190e-01 -8.414552456150069526e-01 4.578534403328771152e-01 2.190440412552689675e-01 2.179999999999999993e-02 1.290000000000000001e-02 5.700000000000000205e-02
-7.025411106710961473e-01 -6.751447425106162914e-01 2.249790311946791854e-01 2.190440412552689675e-01 2.179999999999999993e-02 1.290000000000000001e-02 5.700000000000000205e-02
-1.091963355520944035e-01 -6.694864447198606294e-01 7.347544219930597365e-01 2.190440412552689675e-01 2.179999999999999993e-02 1.290000000000000001e-02 5.700000000000000205e-02
8.189542006158417875e-01 5.013659337722525811e-01 2.791884985925190965e-01 2.190440412552689675e-01 2.179999999999999993e-02 1.290000000000000001e-02 5.700000000000000205e-02
-9.701249930275526179e-01 -1.945757550444074391e-02 2.418241109955334145e-01 2.190440412552689675e-01 2.179999999999999993e-02 1.290000000000000001e-02 5.700000000000000205e-02
-2.756671251127316147e-01 7.894178870318092622e-01 5.484770148021840264e-01 2.190440412552689675e-01 2.179999999999999993e-02 1.290000000000000001e-02 5.700000000000000205e-02
1.270818760684760129e-01 8.512112192085743434e-01 5.092049263983696727e-01 2.190440412552689675e-01 2.179999999999999993e-02 1.290000000000000001e-02 5.700000000000000205e-02
5.572970382029929226e-01 7.988550992822038843e-01 2.263858245584118578e-01 2.190440412552689675e-01 2.179999999999999993e-02 1.290000000000000001e-02 5.700000000000000205e-02
4.943348491459201854e-01 3.014430084912986807e-01 8.153313250155393987e-01 2.190440412552689675e-01 2.179999999999999993e-02 1.290000000000000001e-02 5.700000000000000205e-02
-7.852895197860692011e-01 2.703026429290077831e-02 6.185383859765057890e-01 2.190440412552689675e-01 2.179999999999999993e-02 1.290000000000000001e-02 5.700000000000000205e-02
4.045894782012102731e-01 -8.951005236547593391e-01 1.873563628005414095e-01 2.190440412552689675e-01 2.179999999999999993e-02 1.290000000000000001e-02 5.700000000000000205e-02
9.548307368473345214e-02 2.746486210514990645e-01 9.567920973723736955e-01 2.190440412552689675e-01 2.179999999999999993e-02 1.290000000000000001e-02 5.700000000000000205e-02
-1.779212334183647992e-01 1.500403992143752550e-02 9.839303397522223271e-01 2.190440412552689675e-01 2.179999999999999993e-02 1.290000000000000001e-02 5.700000000000000205e-02
2.660178736927150123e-01 -4.998899546778353131e-01 8.242235886506757980e-01 2.190440412552689675e-01 2.179999999999999993e-02 1.290000000000000001e-02 5.700000000000000205e-02
5.124669435237199089e-01 2.265114211079747586e-01 -8.282935517696019545e-01 2.190440412552689675e-01 2.179999999999999993e-02 1.290000000000000001e-02 5.700000000000000205e-02
2.713588489725777819e-01 -9.457124649567991703e-01 -1.788639390978874200e-01 2.190440412552689675e-01 2.179999999999999993e-02 1.290000000000000001e-02 5.700000000000000205e-02
-1.414872102628925155e-01 -9.754806177258619204e-01 -1.685791617406932619e-01 2.190440412552689675e-01 2.179999999999999993e-02 1.290000000000000001e-02 5.700000000000000205e-02
-2.390059679321326347e-01 8.041867616707538691e-01 -5.442056593295686584e-01 2.190440412552689675e-01 2.179999999999999993e-02 1.290000000000000001e-02 5.700000000000000205e-02
6.571428809550239336e-01 -4.334451662758423973e-01 -6.166753780087530501e-01 2.190440412552689675e-01 2.179999999999999993e-02 1.290000000000000001e-02 5.700000000000000205e-02
5.182852114747609207e-01 5.692538786586038846e-01 -6.382244598875052022e-01 2.190440412552689675e-01 2.179999999999999993e-02 1.290000000000000001e-02 5.700000000000000205e-02
1.078153548149972385e-01 3.485315738371929095e-01 -9.310755024726434792e-01 2.190440412552689675e-01 2.179999999999999993e-02 1.290000000000000001e-02 5.700000000000000205e-02
8.880425873881897525e-01 -3.576876420479556673e-01 -2.888596782367919835e-01 2.190440412552689675e-01 2.179999999999999993e-02 1.290000000000000001e-02 5.700000000000000205e-02
-1.392981081805394657e-02 9.760111557422492812e-01 -2.172744445102831323e-01 2.190440412552689675e-01 2.179999999999999993e-02 1.290000000000000001e-02 5.700000000000000205e-02
-5.367712148552497009e-01 -6.230342546922578162e-01 -5.689507714933534910e-01 2.190440412552689675e-01 2.179999999999999993e-02 1.290000000000000001e-02 5.700000000000000205e-02
-1.837384462432276044e-01 -6.028103162099014423e-01 -7.764405360638013676e-01 2.190440412552689675e-01 2.179999999999999993e-02 1.290000000000000001e-02 5.700000000000000205e-02
8.064421096288719726e-01 3.502250778010612131e-01 -4.764383682036690826e-01 2.190440412552689675e-01 2.179999999999999993e-02 1.290000000000000001e-02 5.700000000000000205e-02
-6.673680121220957329e-01 6.451806407284184086e-01 -3.719702638995082133e-01 2.190440412552689675e-01 2.179999999999999993e-02 1.290000000000000001e-02 5.700000000000000205e-02
-5.957643546948323543e-01 4.475789365693758071e-01 -6.668867439186931811e-01 2.190440412552689675e-01 2.179999999999999993e-02 1.290000000000000001e-02 5.700000000000000205e-02
-2.660369133289005594e-01 1.016239107422965415e-01 -9.585911232177527497e-01 2.190440412552689675e-01 2.179999999999999993e-02 1.290000000000000001e-02 5.700000000000000205e-02
6.063438581826009477e-01 -7.089575164172721156e-01 -3.601754649607485370e-01 2.190440412552689675e-01 2.179999999999999993e-02 1.290000000000000001e-02 5.700000000000000205e-02
7.126794951157562341e-01 -7.013965455341669708e-01 -1.143779499239921775e-02 2.190440412552689675e-01 2.179999999999999993e-02 1.290000000000000001e-02 5.700000000000000205e-02
-9.251089925602621333e-01 3.653402725357062786e-01 -1.034400171484548547e-01 2.190440412552689675e-01 2.179999999999999993e-02 1.290000000000000001e-02 5.700000000000000205e-02
-6.207039185973834972e-01 7.116434499671119018e-02 -7.808087355037992561e-01 2.190440412552689675e-01 2.179999999999999993e-02 1.290000000000000001e-02 5.700000000000000205e-02
2.319057951019945496e-01 -5.260939412805556437e-01 -8.181961055553876871e-01 2.190440412552689675e-01 2.179999999999999993e-02 1.290000000000000001e-02 5.700000000000000205e-02
9.187599568667875749e-01 3.890108658325960311e-01 -6.745878684287633098e-02 2.190440412552689675e-01 2.179999999999999993e-02 1.290000000000000001e-02 5.700000000000000205e-02
-9.838223534780522472e-01 -5.602982981159133208e-02 -1.701594398444895295e-01 2.190440412552689675e-01 2.179999999999999993e-02 1.290000000000000001e-02 5.700000000000000205e-02
-8.129062672253400956e-01 -2.152445269776807890e-01 -5.411591210650694705e-01 2.190440412552689675e-01 2.179999999999999993e-02 1.290000000000000001e-02 5.700000000000000205e-02
4.153830719234932745e-01 9.029890360247716519e-01 -1.098531036359726154e-01 2.190440412552689675e-01 2.179999999999999993e-02 1.290000000000000001e-02 5.700000000000000205e-02
-8.640380443670750976e-01 2.073160803733704594e-01 -4.587573440337958663e-01 2.190440412552689675e-01 2.179999999999999993e-02 1.290000000000000001e-02 5.700000000000000205e-02
4.744583919409514072e-01 -2.070428069609782928e-01 -8.555831405553323554e-01 2.190440412552689675e-01 2.179999999999999993e-02 1.290000000000000001e-02 5.700000000000000205e-02
2.869203666565635635e-01 8.414552456150070636e-01 -4.578534403328770042e-01 2.190440412552689675e-01 2.179999999999999993e-02 1.290000000000000001e-02 5.700000000000000205e-02
7.025411106710960363e-01 6.751447425106161804e-01 -2.249790311946792964e-01 2.190440412552689675e-01 2.179999999999999993e-02 1.290000000000000001e-02 5.700000000000000205e-02
1.091963355520943341e-01 6.694864447198606294e-01 -7.347544219930597365e-01 2.190440412552689675e-01 2.179999999999999993e-02 1.290000000000000001e-02 5.700000000000000205e-02
-8.189542006158416765e-01 -5.013659337722524700e-01 -2.791884985925192075e-01 2.190440412552689675e-01 2.179999999999999993e-02 1.290000000000000001e-02 5.700000000000000205e-02
9.701249930275527289e-01 1.945757550444074738e-02 -2.418241109955333035e-01 2.190440412552689675e-01 2.179999999999999993e-02 1.290000000000000001e-02 5.700000000000000205e-02
2.756671251127315037e-01 -7.894178870318092622e-01 -5.484770148021840264e-01 2.190440412552689675e-01 2.179999999999999993e-02 1.290000000000000001e-02 5.700000000000000205e-02
-1.270818760684760684e-01 -8.512112192085741214e-01 -5.092049263983698948e-01 2.190440412552689675e-01 2.179999999999999993e-02 1.290000000000000001e-02 5.700000000000000205e-02
-5.572970382029929226e-01 -7.988550992822038843e-01 -2.263858245584119688e-01 2.190440412552689675e-01 2.179999999999999993e-02 1.290000000000000001e-02 5.700000000000000205e-02
-4.943348491459201854e-01 -3.014430084912986807e-01 -8.153313250155393987e-01 2.190440412552689675e-01 2.179999999999999993e-02 1.290000000000000001e-02 5.700000000000000205e-02
7.852895197860690901e-01 -2.703026429290077484e-02 -6.185383859765057890e-01 2.190440412552689675e-01 2.179999999999999993e-02 1.290000000000000001e-02 5.700000000000000205e-02
-4.045894782012103286e-01 8.951005236547593391e-01 -1.873563628005412984e-01 2.190440412552689675e-01 2.179999999999999993e-02 1.290000000000000001e-02 5.700000000000000205e-02
-9.548307368473343826e-02 -2.746486210514989534e-01 -9.567920973723736955e-01 2.190440412552689675e-01 2.179999999999999993e-02 1.290000000000000001e-02 5.700000000000000205e-02
1.779212334183649935e-01 -1.500403992143754285e-02 -9.839303397522223271e-01 2.190440412552689675e-01 2.179999999999999993e-02 1.290000000000000001e-02 5.700000000000000205e-02
-2.660178736927149012e-01 4.998899546778353131e-01 -8.242235886506759091e-01 2.190440412552689675e-01 2.179999999999999993e-02 1.290000000000000001e-02 5.700000000000000205e-02
-5.124669435237199089e-01 -2.265114211079747586e-01 8.282935517696018435e-01 2.497486328536594469e-01 2.179999999999999993e-02 1.290000000000000001e-02 5.700000000000000205e-02
-2.713588489725778929e-01 9.457124649567991703e-01 1.788639390978875310e-01 2.497486328536594469e-01 2.179999999999999993e-02 1.290000000000000001e-02 5.700000000000000205e-02
1.414872102628924599e-01 9.754806177258620314e-01 1.685791617406931509e-01 2.497486328536594469e-01 2.179999999999999993e-02 1.290000000000000001e-02 5.700000000000000205e-02
2.390059679321324959e-01 -8.041867616707537580e-01 5.442056593295688804e-01 2.497486328536594469e-01 2.179999999999999993e-02 1.290000000000000001e-02 5.700000000000000205e-02
-6.571428809550239336e-01 4.334451662758423418e-01 6.166753780087531611e-01 2.497486328536594469e-01 2.179999999999999993e-02 1.290000000000000001e-02 5.700000000000000205e-02
-5.182852114747609207e-01 -5.692538786586039956e-01 6.382244598875052022e-01 2.497486328536594469e-01 2.179999999999999993e-02 1.290000000000000001e-02 5.700000000000000205e-02
-1.078153548149973079e-01 -3.485315738371930205e-01 9.310755024726434792e-01 2.497486328536594469e-01 2.179999999999999993e-02 1.290000000000000001e-02 5.700000000000000205e-02
-8.880425873881897525e-01 3.576876420479556673e-01 2.888596782367918725e-01 2.497486328536594469e-01 2.179999999999999993e-02 1.290000000000000001e-02 5.700000000000000205e-02
1.392981081805385116e-02 -9.760111557422492812e-01 2.172744445102832433e-01 2.497486328536594469e-01 2.179999999999999993e-02 1.290000000000000001e-02 5.700000000000000205e-02
5.367712148552495899e-01 6.230342546922578162e-01 5.689507714933536020e-01 2.497486328536594469e-01 2.179999999999999993e-02 1.290000000000000001e-02 5.700000000000000205e-02
1.837384462432275767e-01 6.028103162099015533e-01 7.764405360638012565e-01 2.497486328536594469e-01 2.179999999999999993e-02 1.290000000000000001e-02 5.700000000000000205e-02
-8.064421096288719726e-01 -3.502250778010612686e-01 4.764383682036691936e-01 2.497486328536594469e-01 2.179999999999999993e-02 1.290000000000000001e-02 5.700000000000000205e-02
6.673680121220958439e-01 -6.451806407284184086e-01 3.719702638995081023e-01 2.497486328536594469e-01 2.179999999999999993e-02 1.290000000000000001e-02 5.700000000000000205e-02
5.957643546948324653e-01 -4.475789365693756960e-01 6.668867439186931811e-01 2.497486328536594469e-01 2.179999999999999993e-02 1.290000000000000001e-02 5.700000000000000205e-02
2.660369133289005039e-01 -1.016239107422964860e-01 9.585911232177527497e-01 2.497486328536594469e-01 2.179999999999999993e-02 1.290000000000000001e-02 5.700000000000000205e-02
-6.063438581826009477e-01 7.089575164172721156e-01 3.601754649607486480e-01 2.497486328536594469e-01 2.179999999999999993e-02 1.290000000000000001e-02 5.700000000000000205e-02
-7.126794951157562341e-01 7.013965455341669708e-01 1.143779499239911714e-02 2.497486328536594469e-01 2.179999999999999993e-02 1.290000000000000001e-02 5.700000000000000205e-02
9.251089925602621333e-01 -3.653402725357062786e-01 1.034400171484547576e-01 2.497486328536594469e-01 2.179999999999999993e-02 1.290000000000000001e-02 5.700000000000000205e-02
6.207039185973836082e-01 -7.116434499671112079e-02 7.808087355037991451e-01 2.497486328536594469e-01 2.179999999999999993e-02 1.290000000000000001e-02 5.700000000000000205e-02
-2.319057951019944386e-01 5.260939412805555326e-01 8.181961055553876871e-01 2.497486328536594469e-01 2.179999999999999993e-02 1.290000000000000001e-02 5.700000000000000205e-02
-9.187599568667875749e-01 -3.890108658325960866e-01 6.745878684287621996e-02 2.497486328536594469e-01 2.179999999999999993e-02 1.290000000000000001e-02 5.700000000000000205e-02
9.838223534780522472e-01 5.602982981159131820e-02 1.701594398444896405e-01 2.497486328536594469e-01 2.179999999999999993e-02 1.290000000000000001e-02 5.700000000000000205e-02
8.129062672253400956e-01 2.152445269776807335e-01 5.411591210650693595e-01 2.497486328536594469e-01 2.179999999999999993e-02 1.290000000000000001e-02 5.700000000000000205e-02
-4.153830719234933855e-01 -9.029890360247715408e-01 1.098531036359725183e-01 2.497486328536594469e-01 2.179999999999999993e-02 1.290000000000000001e-02 5.700000000000000205e-02
8.640380443670750976e-01 -2.073160803733705149e-01 4.587573440337959774e-01 2.497486328536594469e-01 2.179999999999999993e-02 1.290000000000000001e-02 5.700000000000000205e-02
-4.744583919409512407e-01 2.070428069609782096e-01 8.555831405553324664e-01 2.497486328536594469e-01 2.179999999999999993e-02 1.290000000000000001e-02 5.700000000000000205e-02
-2.869203666565636190e-01 -8.414552456150069526e-01 4.578534403328771152e-01 2.497486328536594469e-01 2.179999999999999993e-02 1.290000000000000001e-02 5.700000000000000205e-02
-7.025411106710961473e-01 -6.751447425106162914e-01 2.249790311946791854e-01 2.497486328536594469e-01 2.179999999999999993e-02 1.290000000000000001e-02 5.700000000000000205e-02
-1.091963355520944035e-01 -6.694864447198606294e-01 7.347544219930597365e-01 2.497486328536594469e-01 2.179999999999999993e-02 1.290000000000000001e-02 5.700000000000000205e-02
8.189542006158417875e-01 5.013659337722525811e-01 2.791884985925190965e-01 2.497486328536594469e-01 2.179999999999999993e-02 1.290000000000000001e-02 5.700000000000000205e-02
-9.701249930275526179e-01 -1.945757550444074391e-02 2.418241109955334145e-01 2.497486328536594469e-01 2.179999999999999993e-02 1.290000000000000001e-02 5.700000000000000205e-02
-2.756671251127316147e-01 7.894178870318092622e-01 5.484770148021840264e-01 2.497486328536594469e-01 2.179999999999999993e-02 1.290000000000000001e-02 5.700000000000000205e-02
1.270818760684760129e-01 8.512112192085743434e-01 5.092049263983696727e-01 2.497486328536594469e-01 2.179999999999999993e-02 1.290000000000000001e-02 5.700000000000000205e-02
5.572970382029929226e-01 7.988550992822038843e-01 2.263858245584118578e-01 2.497486328536594469e-01 2.179999999999999993e-02 1.290000000000000001e-02 5.700000000000000205e-02
4.943348491459201854e-01 3.014430084912986807e-01 8.153313250155393987e-01 2.497486328536594469e-01 2.179999999999999993e-02 1.290000000000000001e-02 5.700000000000000205e-02
-7.852895197860692011e-01 2.703026429290077831e-02 6.185383859765057890e-01 2.497486328536594469e-01 2.179999999999999993e-02 1.290000000000000001e-02 5.700000000000000205e-02
4.045894782012102731e-01 -8.951005236547593391e-01 1.873563628005414095e-01 2.497486328536594469e-01 2.179999999999999993e-02 1.290000000000000001e-02 5.700000000000000205e-02
9.548307368473345214e-02 2.746486210514990645e-01 9.567920973723736955e-01 2.497486328536594469e-01 2.179999999999999993e-02 1.290000000000000001e-02 5.700000000000000205e-02
-1.779212334183647992e-01 1.500403992143752550e-02 9.839303397522223271e-01 2.497486328536594469e-01 2.179999999999999993e-02 1.290000000000000001e-02 5.700000000000000205e-02
2.660178736927150123e-01 -4.998899546778353131e-01 8.242235886506757980e-01 2.497486328536594469e-01 2.179999999999999993e-02 1.290000000000000001e-02 5.700000000000000205e-02
5.124669435237199089e-01 2.265114211079747586e-01 -8.282935517696019545e-01 2.497486328536594469e-01 2.179999999999999993e-02 1.290000000000000001e-02 5.700000000000000205e-02
2.713588489725777819e-01 -9.457124649567991703e-01 -1.788639390978874200e-01 2.497486328536594469e-01 2.179999999999999993e-02 1.290000000000000001e-02 5.700000000000000205e-02
-1.414872102628925155e-01 -9.754806177258619204e-01 -1.685791617406932619e-01 2.497486328536594469e-01 2.179999999999999993e-02 1.290000000000000001e-02 5.700000000000000205e-02
-2.390059679321326347e-01 8.041867616707538691e-01 -5.442056593295686584e-01 2.497486328536594469e-01 2.179999999999999993e-02 1.290000000000000001e-02 5.700000000000000205e-02
6.571428809550239336e-01 -4.334451662758423973e-01 -6.166753780087530501e-01 2.497486328536594469e-01 2.179999999999999993e-02 1.290000000000000001e-02 5.700000000000000205e-02
5.182852114747609207e-01 5.692538786586038846e-01 -6.382244598875052022e-01 2.497486328536594469e-01 2.179999999999999993e-02 1.290000000000000001e-02 5.700000000000000205e-02
1.078153548149972385e-01 3.485315738371929095e-01 -9.310755024726434792e-01 2.497486328536594469e-01 2.179999999999999993e-02 1.290000000000000001e-02 5.700000000000000205e-02
8.880425873881897525e-01 -3.576876420479556673e-01 -2.888596782367919835e-01 2.497486328536594469e-01 2.179999999999999993e-02 1.290000000000000001e-02 5.700000000000000205e-02
-1.392981081805394657e-02 9.760111557422492812e-01 -2.172744445102831323e-01 2.497486328536594469e-01 2.179999999999999993e-02 1.290000000000000001e-02 5.700000000000000205e-02
-5.367712148552497009e-01 -6.230342546922578162e-01 -5.689507714933534910e-01 2.497486328536594469e-01 2.179999999999999993e-02 1.290000000000000001e-02 5.700000000000000205e-02
-1.837384462432276044e-01 -6.028103162099014423e-01 -7.764405360638013676e-01 2.497486328536594469e-01 2.179999999999999993e-02 1.290000000000000001e-02 5.700000000000000205e-02
8.064421096288719726e-01 3.502250778010612131e-01 -4.764383682036690826e-01 2.497486328536594469e-01 2.179999999999999993e-02 1.290000000000000001e-02 5.700000000000000205e-02
-6.673680121220957329e-01 6.451806407284184086e-01 -3.719702638995082133e-01 2.497486328536594469e-01 2.179999999999999993e-02 1.290000000000000001e-02 5.700000000000000205e-02
-5.957643546948323543e-01 4.475789365693758071e-01 -6.668867439186931811e-01 2.497486328536594469e-01 2.179999999999999993e-02 1.290000000000000001e-02 5.700000000000000205e-02
-2.660369133289005594e-01 1.016239107422965415e-01 -9.585911232177527497e-01 2.497486328536594469e-01 2.179999999999999993e-02 1.290000000000000001e-02 5.700000000000000205e-02
6.063438581826009477e-01 -7.089575164172721156e-01 -3.601754649607485370e-01 2.497486328536594469e-01 2.179999999999999993e-02 1.290000000000000001e-02 5.700000000000000205e-02
7.126794951157562341e-01 -7.013965455341669708e-01 -1.143779499239921775e-02 2.497486328536594469e-01 2.179999999999999993e-02 1.290000000000000001e-02 5.700000000000000205e-02
-9.251089925602621333e-01 3.653402725357062786e-01 -1.034400171484548547e-01 2.497486328536594469e-01 2.179999999999999993e-02 1.290000000000000001e-02 5.700000000000000205e-02
-6.207039185973834972e-01 7.116434499671119018e-02 -7.808087355037992561e-01 2.497486328536594469e-01 2.179999999999999993e-02 1.290000000000000001e-02 5.700000000000000205e-02
2.319057951019945496e-01 -5.260939412805556437e-01 -8.181961055553876871e-01 2.497486328536594469e-01 2.179999999999999993e-02 1.290000000000000001e-02 5.700000000000000205e-02
9.187599568667875749e-01 3.890108658325960311e-01 -6.745878684287633098e-02 2.497486328536594469e-01 2.179999999999999993e-02 1.290000000000000001e-02 5.700000000000000205e-02
-9.838223534780522472e-01 -5.602982981159133208e-02 -1.701594398444895295e-01 2.497486328536594469e-01 2.179999999999999993e-02 1.290000000000000001e-02 5.700000000000000205e-02
-8.129062672253400956e-01 -2.152445269776807890e-01 -5.411591210650694705e-01 2.497486328536594469e-01 2.179999999999999993e-02 1.290000000000000001e-02 5.700000000000000205e-02
4.153830719234932745e-01 9.029890360247716519e-01 -1.098531036359726154e-01 2.497486328536594469e-01 2.179999999999999993e-02 1.290000000000000001e-02 5.700000000000000205e-02
-8.640380443670750976e-01 2.073160803733704594e-01 -4.587573440337958663e-01 2.497486328536594469e-01 2.179999999999999993e-02 1.290000000000000001e-02 5.700000000000000205e-02
4.744583919409514072e-01 -2.070428069609782928e-01 -8.555831405553323554e-01 2.497486328536594469e-01 2.179999999999999993e-02 1.290000000000000001e-02 5.700000000000000205e-02
2.869203666565635635e-01 8.414552456150070636e-01 -4.578534403328770042e-01 2.497486328536594469e-01 2.179999999999999993e-02 1.290000000000000001e-02 5.700000000000000205e-02
7.025411106710960363e-01 6.751447425106161804e-01 -2.249790311946792964e-01 2.497486328536594469e-01 2.179999999999999993e-02 1.290000000000000001e-02 5.700000000000000205e-02
1.091963355520943341e-01 6.694864447198606294e-01 -7.347544219930597365e-01 2.497486328536594469e-01 2.179999999999999993e-02 1.290000000000000001e-02 5.700000000000000205e-02
-8.189542006158416765e-01 -5.013659337722524700e-01 -2.791884985925192075e-01 2.497486328536594469e-01 2.179999999999999993e-02 1.290000000000000001e-02 5.700000000000000205e-02
9.701249930275527289e-01 1.945757550444074738e-02 -2.418241109955333035e-01 2.497486328536594469e-01 2.179999999999999993e-02 1.290000000000000001e-02 5.700000000000000205e-02
2.756671251127315037e-01 -7.894178870318092622e-01 -5.484770148021840264e-01 2.497486328536594469e-01 2.179999999999999993e-02 1.290000000000000001e-02 5.700000000000000205e-02
-1.270818760684760684e-01 -8.512112192085741214e-01 -5.092049263983698948e-01 2.497486328536594469e-01 2.179999999999999993e-02 1.290000000000000001e-02 5.700000000000000205e-02
-5.572970382029929226e-01 -7.988550992822038843e-01 -2.263858245584119688e-01 2.497486328536594469e-01 2.179999999999999993e-02 1.290000000000000001e-02 5.700000000000000205e-02
-4.943348491459201854e-01 -3.014430084912986807e-01 -8.153313250155393987e-01 2.497486328536594469e-01 2.179999999999999993e-02 1.290000000000000001e-02 5.700000000000000205e-02
7.852895197860690901e-01 -2.703026429290077484e-02 -6.185383859765057890e-01 2.497486328536594469e-01 2.179999999999999993e-02 1.290000000000000001e-02 5.700000000000000205e-02
-4.045894782012103286e-01 8.951005236547593391e-01 -1.873563628005412984e-01 2.497486328536594469e-01 2.179999999999999993e-02 1.290000000000000001e-02 5.700000000000000205e-02
-9.548307368473343826e-02 -2.746486210514989534e-01 -9.567920973723736955e-01 2.497486328536594469e-01 2.179999999999999993e-02 1.290000000000000001e-02 5.700000000000000205e-02
1.779212334183649935e-01 -1.500403992143754285e-02 -9.839303397522223271e-01 2.497486328536594469e-01 2.179999999999999993e-02 1.290000000000000001e-02 5.700000000000000205e-02
-2.660178736927149012e-01 4.998899546778353131e-01 -8.242235886506759091e-01 2.497486328536594469e-01 2.179999999999999993e-02 1.290000000000000001e-02 5.700000000000000205e-02
