0.000000000000000000e+00 0.000000000000000000e+00 0.000000000000000000e+00 0.000000000000000000e+00 2.179999999999999993e-02 1.290000000000000001e-02 5.700000000000000205e-02
1.839313927928883929e-01 -7.619960873890585518e-01 6.209115923777187573e-01 6.926780782545380322e-02 2.179999999999999993e-02 1.290000000000000001e-02 5.700000000000000205e-02
-8.203446566749462709e-01 2.356008342781741594e-01 5.210824226092189981e-01 6.926780782545380322e-02 2.179999999999999993e-02 1.290000000000000001e-02 5.700000000000000205e-02
5.822757634681886563e-01 -6.486396765009354304e-02 8.103996550950806066e-01 6.926780782545380322e-02 2.179999999999999993e-02 1.290000000000000001e-02 5.700000000000000205e-02
-7.256395393920148651e-01 -5.120986164063516810e-01 4.595674770320946068e-01 6.926780782545380322e-02 2.179999999999999993e-02 1.290000000000000001e-02 5.700000000000000205e-02
-2.745203729462492581e-01 -9.615353758772900994e-01 9.396050977452276645e-03 6.926780782545380322e-02 2.179999999999999993e-02 1.290000000000000001e-02 5.700000000000000205e-02
9.932581560143777244e-02 5.760553333019587940e-01 8.113535821881101562e-01 6.926780782545380322e-02 2.179999999999999993e-02 1.290000000000000001e-02 5.700000000000000205e-02
8.325556605130417509e-01 4.595746049198549676e-01 3.092608197952854132e-01 6.926780782545380322e-02 2.179999999999999993e-02 1.290000000000000001e-02 5.700000000000000205e-02
-4.016793240656935104e-01 8.642879079229999206e-01 3.027542449515969181e-01 6.926780782545380322e-02 2.179999999999999993e-02 1.290000000000000001e-02 5.700000000000000205e-02
8.664688527640681537e-01 -4.512335464941296115e-01 2.135884212874134547e-01 6.926780782545380322e-02 2.179999999999999993e-02 1.290000000000000001e-02 5.700000000000000205e-02
-2.331734424547422246e-01 -1.384274385490082138e-01 9.625320721880209485e-01 6.926780782545380322e-02 2.179999999999999993e-02 1.290000000000000001e-02 5.700000000000000205e-02
-1.839313927928884485e-01 7.619960873890585518e-01 -6.209115923777188684e-01 6.926780782545380322e-02 2.179999999999999993e-02 1.290000000000000001e-02 5.700000000000000205e-02
8.203446566749463820e-01 -2.356008342781742149e-01 -5.210824226092188871e-01 6.926780782545380322e-02 2.179999999999999993e-02 1.290000000000000001e-02 5.700000000000000205e-02
-5.822757634681886563e-01 6.486396765009358467e-02 -8.103996550950806066e-01 6.926780782545380322e-02 2.179999999999999993e-02 1.290000000000000001e-02 5.700000000000000205e-02
7.256395393920147541e-01 5.120986164063516810e-01 -4.595674770320946623e-01 6.926780782545380322e-02 2.179999999999999993e-02 1.290000000000000001e-02 5.700000000000000205e-02
2.745203729462491471e-01 9.615353758772900994e-01 -9.396050977452375524e-03 6.926780782545380322e-02 2.179999999999999993e-02 1.290000000000000001e-02 5.700000000000000205e-02
-9.932581560143780020e-02 -5.760553333019585720e-01 -8.113535821881102672e-01 6.926780782545380322e-02 2.179999999999999993e-02 1.290000000000000001e-02 5.700000000000000205e-02
-8.325556605130416399e-01 -4.595746049198550787e-01 -3.092608197952855242e-01 6.926780782545380322e-02 2.179999999999999993e-02 1.290000000000000001e-02 5.700000000000000205e-02
4.016793240656934549e-01 -8.642879079229999206e-01 -3.027542449515970291e-01 6.926780782545380322e-02 2.179999999999999993e-02 1.290000000000000001e-02 5.700000000000000205e-02
-8.664688527640681537e-01 4.512335464941295560e-01 -2.135884212874135657e-01 6.926780782545380322e-02 2.179999999999999993e-02 1.290000000000000001e-02 5.700000000000000205e-02
2.331734424547421691e-01 1.384274385490081860e-01 -9.625320721880209485e-01 6.926780782545380322e-02 2.179999999999999993e-02 1.290000000000000001e-02 5.700000000000000205e-02
1.839313927928883929e-01 -7.619960873890585518e-01 6.209115923777187573e-01 9.795947326260998067e-02 2.179999999999999993e-02 1.290000000000000001e-02 5.700000000000000205e-02
-8.203446566749462709e-01 2.356008342781741594e-01 5.210824226092189981e-01 9.795947326260998067e-02 2.179999999999999993e-02 1.290000000000000001e-02 5.700000000000000205e-02
5.822757634681886563e-01 -6.486396765009354304e-02 8.103996550950806066e-01 9.795947326260998067e-02 2.179999999999999993e-02 1.290000000000000001e-02 5.700000000000000205e-02
-7.256395393920148651e-01 -5.120986164063516810e-01 4.595674770320946068e-01 9.795947326260998067e-02 2.179999999999999993e-02 1.290000000000000001e-02 5.700000000000000205e-02
-2.745203729462492581e-01 -9.615353758772900994e-01 9.396050977452276645e-03 9.795947326260998067e-02 2.179999999999999993e-02 1.290000000000000001e-02 5.700000000000000205e-02
9.932581560143777244e-02 5.760553333019587940e-01 8.113535821881101562e-01 9.795947326260998067e-02 2.179999999999999993e-02 1.290000000000000001e-02 5.700000000000000205e-02
8.325556605130417509e-01 4.595746049198549676e-01 3.092608197952854132e-01 9.795947326260998067e-02 2.179999999999999993e-02 1.290000000000000001e-02 5.700000000000000205e-02
-4.016793240656935104e-01 8.642879079229999206e-01 3.027542449515969181e-01 9.795947326260998067e-02 2.179999999999999993e-02 1.290000000000000001e-02 5.700000000000000205e-02
8.664688527640681537e-01 -4.512335464941296115e-01 2.135884212874134547e-01 9.795947326260998067e-02 2.179999999999999993e-02 1.290000000000000001e-02 5.700000000000000205e-02
-2.331734424547422246e-01 -1.384274385490082138e-01 9.625320721880209485e-01 9.795947326260998067e-02 2.179999999999999993e-02 1.290000000000000001e-02 5.700000000000000205e-02
-1.839313927928884485e-01 7.619960873890585518e-01 -6.209115923777188684e-01 9.795947326260998067e-02 2.179999999999999993e-02 1.290000000000000001e-02 5.700000000000000205e-02
8.203446566749463820e-01 -2.356008342781742149e-01 -5.210824226092188871e-01 9.795947326260998067e-02 2.179999999999999993e-02 1.290000000000000001e-02 5.700000000000000205e-02
-5.822757634681886563e-01 6.486396765009358467e-02 -8.103996550950806066e-01 9.795947326260998067e-02 2.179999999999999993e-02 1.290000000000000001e-02 5.700000000000000205e-02
7.256395393920147541e-01 5.120986164063516810e-01 -4.595674770320946623e-01 9.795947326260998067e-02 2.179999999999999993e-02 1.290000000000000001e-02 5.700000000000000205e-02
2.745203729462491471e-01 9.615353758772900994e-01 -9.396050977452375524e-03 9.795947326260998067e-02 2.179999999999999993e-02 1.290000000000000001e-02 5.700000000000000205e-02
-9.932581560143780020e-02 -5.760553333019585720e-01 -8.113535821881102672e-01 9.795947326260998067e-02 2.179999999999999993e-02 1.290000000000000001e-02 5.700000000000000205e-02
-8.325556605130416399e-01 -4.595746049198550787e-01 -3.092608197952855242e-01 9.795947326260998067e-02 2.179999999999999993e-02 1.290000000000000001e-02 5.700000000000000205e-02
4.016793240656934549e-01 -8.642879079229999206e-01 -3.027542449515970291e-01 9.795947326260998067e-02 2.179999999999999993e-02 1.290000000000000001e-02 5.700000000000000205e-02
-8.664688527640681537e-01 4.512335464941295560e-01 -2.135884212874135657e-01 9.795947326260998067e-02 2.179999999999999993e-02 1.290000000000000001e-02 5.700000000000000205e-02
2.331734424547421691e-01 1.384274385490081860e-01 -9.625320721880209485e-01 9.795947326260998067e-02 2.179999999999999993e-02 1.290000000000000001e-02 5.700000000000000205e-02
1.839313927928883929e-01 -7.619960873890585518e-01 6.209115923777187573e-01 1.199753624826030568e-01 2.179999999999999993e-02 1.290000000000000001e-02 5.700000000000000205e-02
-8.203446566749462709e-01 2.356008342781741594e-01 5.210824226092189981e-01 1.199753624826030568e-01 2.179999999999999993e-02 1.290000000000000001e-02 5.700000000000000205e-02
5.822757634681886563e-01 -6.486396765009354304e-02 8.103996550950806066e-01 1.199753624826030568e-01 2.179999999999999993e-02 1.290000000000000001e-02 5.700000000000000205e-02
-7.256395393920148651e-01 -5.120986164063516810e-01 4.595674770320946068e-01 1.199753624826030568e-01 2.179999999999999993e-02 1.290000000000000001e-02 5.700000000000000205e-02
-2.745203729462492581e-01 -9.615353758772900994e-01 9.396050977452276645e-03 1.199753624826030568e-01 2.179999999999999993e-02 1.290000000000000001e-02 5.700000000000000205e-02
9.932581560143777244e-02 5.760553333019587940e-01 8.113535821881101562e-01 1.199753624826030568e-01 2.179999999999999993e-02 1.290000000000000001e-02 5.700000000000000205e-02
8.325556605130417509e-01 4.595746049198549676e-01 3.092608197952854132e-01 1.199753624826030568e-01 2.179999999999999993e-02 1.290000000000000001e-02 5.700000000000000205e-02
-4.016793240656935104e-01 8.642879079229999206e-01 3.027542449515969181e-01 1.199753624826030568e-01 2.179999999999999993e-02 1.290000000000000001e-02 5.700000000000000205e-02
8.664688527640681537e-01 -4.512335464941296115e-01 2.135884212874134547e-01 1.199753624826030568e-01 2.179999999999999993e-02 1.290000000000000001e-02 5.700000000000000205e-02
-2.331734424547422246e-01 -1.384274385490082138e-01 9.625320721880209485e-01 1.199753624826030568e-01 2.179999999999999993e-02 1.290000000000000001e-02 5.700000000000000205e-02
-1.839313927928884485e-01 7.619960873890585518e-01 -6.209115923777188684e-01 1.199753624826030568e-01 2.179999999999999993e-02 1.290000000000000001e-02 5.700000000000000205e-02
8.203446566749463820e-01 -2.356008342781742149e-01 -5.210824226092188871e-01 1.199753624826030568e-01 2.179999999999999993e-02 1.290000000000000001e-02 5.700000000000000205e-02
-5.822757634681886563e-01 6.486396765009358467e-02 -8.103996550950806066e-01 1.199753624826030568e-01 2.179999999999999993e-02 1.290000000000000001e-02 5.700000000000000205e-02
7.256395393920147541e-01 5.120986164063516810e-01 -4.595674770320946623e-01 1.199753624826030568e-01 2.179999999999999993e-02 1.290000000000000001e-02 5.700000000000000205e-02
2.745203729462491471e-01 9.615353758772900994e-01 -9.396050977452375524e-03 1.199753624826030568e-01 2.179999999999999993e-02 1.290000000000000001e-02 5.700000000000000205e-02
-9.932581560143780020e-02 -5.760553333019585720e-01 -8.113535821881102672e-01 1.199753624826030568e-01 2.179999999999999993e-02 1.290000000000000001e-02 5.700000000000000205e-02
-8.325556605130416399e-01 -4.595746049198550787e-01 -3.092608197952855242e-01 1.199753624826030568e-01 2.179999999999999993e-02 1.290000000000000001e-02 5.700000000000000205e-02
4.016793240656934549e-01 -8.642879079229999206e-01 -3.027542449515970291e-01 1.199753624826030568e-01 2.179999999999999993e-02 1.290000000000000001e-02 5.700000000000000205e-02
-8.664688527640681537e-01 4.512335464941295560e-01 -2.135884212874135657e-01 1.199753624826030568e-01 2.179999999999999993e-02 1.290000000000000001e-02 5.700000000000000205e-02
2.331734424547421691e-01 1.384274385490081860e-01 -9.625320721880209485e-01 1.199753624826030568e-01 2.179999999999999993e-02 1.290000000000000001e-02 5.700000000000000205e-02
1.839313927928883929e-01 -7.619960873890585518e-01 6.209115923777187573e-01 1.385356156509076064e-01 2.179999999999999993e-02 1.290000000000000001e-02 5.700000000000000205e-02
-8.203446566749462709e-01 2.356008342781741594e-01 5.210824226092189981e-01 1.385356156509076064e-01 2.179999999999999993e-02 1.290000000000000001e-02 5.700000000000000205e-02
5.822757634681886563e-01 -6.486396765009354304e-02 8.103996550950806066e-01 1.385356156509076064e-01 2.179999999999999993e-02 1.290000000000000001e-02 5.700000000000000205e-02
-7.256395393920148651e-01 -5.120986164063516810e-01 4.595674770320946068e-01 1.385356156509076064e-01 2.179999999999999993e-02 1.290000000000000001e-02 5.700000000000000205e-02
-2.745203729462492581e-01 -9.615353758772900994e-01 9.396050977452276645e-03 1.385356156509076064e-01 2.179999999999999993e-02 1.290000000000000001e-02 5.700000000000000205e-02
9.932581560143777244e-02 5.760553333019587940e-01 8.113535821881101562e-01 1.385356156509076064e-01 2.179999999999999993e-02 1.290000000000000001e-02 5.700000000000000205e-02
8.325556605130417509e-01 4.595746049198549676e-01 3.092608197952854132e-01 1.385356156509076064e-01 2.179999999999999993e-02 1.290000000000000001e-02 5.700000000000000205e-02
-4.016793240656935104e-01 8.642879079229999206e-01 3.027542449515969181e-01 1.385356156509076064e-01 2.179999999999999993e-02 1.290000000000000001e-02 5.700000000000000205e-02
8.664688527640681537e-01 -4.512335464941296115e-01 2.135884212874134547e-01 1.385356156509076064e-01 2.179999999999999993e-02 1.290000000000000001e-02 5.700000000000000205e-02
-2.331734424547422246e-01 -1.384274385490082138e-01 9.625320721880209485e-01 1.385356156509076064e-01 2.179999999999999993e-02 1.290000000000000001e-02 5.700000000000000205e-02
-1.839313927928884485e-01 7.619960873890585518e-01 -6.209115923777188684e-01 1.385356156509076064e-01 2.179999999999999993e-02 1.290000000000000001e-02 5.700000000000000205e-02
8.203446566749463820e-01 -2.356008342781742149e-01 -5.210824226092188871e-01 1.385356156509076064e-01 2.179999999999999993e-02 1.290000000000000001e-02 5.700000000000000205e-02
-5.822757634681886563e-01 6.486396765009358467e-02 -8.103996550950806066e-01 1.385356156509076064e-01 2.179999999999999993e-02 1.290000000000000001e-02 5.700000000000000205e-02
7.256395393920147541e-01 5.120986164063516810e-01 -4.595674770320946623e-01 1.385356156509076064e-01 2.179999999999999993e-02 1.290000000000000001e-02 5.700000000000000205e-02
2.745203729462491471e-01 9.615353758772900994e-01 -9.396050977452375524e-03 1.385356156509076064e-01 2.179999999999999993e-02 1.290000000000000001e-02 5.700000000000000205e-02
-9.932581560143780020e-02 -5.760553333019585720e-01 -8.113535821881102672e-01 1.385356156509076064e-01 2.179999999999999993e-02 1.290000000000000001e-02 5.700000000000000205e-02
-8.325556605130416399e-01 -4.595746049198550787e-01 -3.092608197952855242e-01 1.385356156509076064e-01 2.179999999999999993e-02 1.290000000000000001e-02 5.700000000000000205e-02
4.016793240656934549e-01 -8.642879079229999206e-01 -3.027542449515970291e-01 1.385356156509076064e-01 2.179999999999999993e-02 1.290000000000000001e-02 5.700000000000000205e-02
-8.664688527640681537e-01 4.512335464941295560e-01 -2.135884212874135657e-01 1.385356156509076064e-01 2.179999999999999993e-02 1.290000000000000001e-02 5.700000000000000205e-02
2.331734424547421691e-01 1.384274385490081860e-01 -9.625320721880209485e-01 1.385356156509076064e-01 2.179999999999999993e-02 1.290000000000000001e-02 5.700000000000000205e-02
1.839313927928883929e-01 -7.619960873890585518e-01 6.209115923777187573e-01 1.548875269501065743e-01 2.179999999999999993e-02 1.290000000000000001e-02 5.700000000000000205e-02
-8.203446566749462709e-01 2.356008342781741594e-01 5.210824226092189981e-01 1.548875269501065743e-01 2.179999999999999993e-02 1.290000000000000001e-02 5.700000000000000205e-02
5.822757634681886563e-01 -6.486396765009354304e-02 8.103996550950806066e-01 1.548875269501065743e-01 2.179999999999999993e-02 1.290000000000000001e-02 5.700000000000000205e-02
-7.256395393920148651e-01 -5.120986164063516810e-01 4.595674770320946068e-01 1.548875269501065743e-01 2.179999999999999993e-02 1.290000000000000001e-02 5.700000000000000205e-02
-2.745203729462492581e-01 -9.615353758772900994e-01 9.396050977452276645e-03 1.548875269501065743e-01 2.179999999999999993e-02 1.290000000000000001e-02 5.700000000000000205e-02
9.932581560143777244e-02 5.760553333019587940e-01 8.113535821881101562e-01 1.548875269501065743e-01 2.179999999999999993e-02 1.290000000000000001e-02 5.700000000000000205e-02
8.325556605130417509e-01 4.595746049198549676e-01 3.092608197952854132e-01 1.548875269501065743e-01 2.179999999999999993e-02 1.290000000000000001e-02 5.700000000000000205e-02
-4.016793240656935104e-01 8.642879079229999206e-01 3.027542449515969181e-01 1.548875269501065743e-01 2.179999999999999993e-02 1.290000000000000001e-02 5.700000000000000205e-02
8.664688527640681537e-01 -4.512335464941296115e-01 2.135884212874134547e-01 1.548875269501065743e-01 2.179999999999999993e-02 1.290000000000000001e-02 5.700000000000000205e-02
-2.331734424547422246e-01 -1.384274385490082138e-01 9.625320721880209485e-01 1.548875269501065743e-01 2.179999999999999993e-02 1.290000000000000001e-02 5.700000000000000205e-02
-1.839313927928884485e-01 7.619960873890585518e-01 -6.209115923777188684e-01 1.548875269501065743e-01 2.179999999999999993e-02 1.290000000000000001e-02 5.700000000000000205e-02
8.203446566749463820e-01 -2.356008342781742149e-01 -5.210824226092188871e-01 1.548875269501065743e-01 2.179999999999999993e-02 1.290000000000000001e-02 5.700000000000000205e-02
-5.822757634681886563e-01 6.486396765009358467e-02 -8.103996550950806066e-01 1.548875269501065743e-01 2.179999999999999993e-02 1.290000000000000001e-02 5.700000000000000205e-02
7.256395393920147541e-01 5.120986164063516810e-01 -4.595674770320946623e-01 1.548875269501065743e-01 2.179999999999999993e-02 1.290000000000000001e-02 5.700000000000000205e-02
2.745203729462491471e-01 9.615353758772900994e-01 -9.396050977452375524e-03 1.548875269501065743e-01 2.179999999999999993e-02 1.290000000000000001e-02 5.700000000000000205e-02
-9.932581560143780020e-02 -5.760553333019585720e-01 -8.113535821881102672e-01 1.548875269501065743e-01 2.179999999999999993e-02 1.290000000000000001e-02 5.700000000000000205e-02
-8.325556605130416399e-01 -4.595746049198550787e-01 -3.092608197952855242e-01 1.548875269501065743e-01 2.179999999999999993e-02 1.290000000000000001e-02 5.700000000000000205e-02
4.016793240656934549e-01 -8.642879079229999206e-01 -3.027542449515970291e-01 1.548875269501065743e-01 2.179999999999999993e-02 1.290000000000000001e-02 5.700000000000000205e-02
-8.664688527640681537e-01 4.512335464941295560e-01 -2.135884212874135657e-01 1.548875269501065743e-01 2.179999999999999993e-02 1.290000000000000001e-02 5.700000000000000205e-02
2.331734424547421691e-01 1.384274385490081860e-01 -9.625320721880209485e-01 1.548875269501065743e-01 2.179999999999999993e-02 1.290000000000000001e-02 5.700000000000000205e-02
1.839313927928883929e-01 -7.619960873890585518e-01 6.209115923777187573e-01 2.190440412552689675e-01 2.179999999999999993e-02 1.290000000000000001e-02 5.700000000000000205e-02
-8.203446566749462709e-01 2.356008342781741594e-01 5.210824226092189981e-01 2.190440412552689675e-01 2.179999999999999993e-02 1.290000000000000001e-02 5.700000000000000205e-02
5.822757634681886563e-01 -6.486396765009354304e-02 8.103996550950806066e-01 2.190440412552689675e-01 2.179999999999999993e-02 1.290000000000000001e-02 5.700000000000000205e-02
-7.256395393920148651e-01 -5.120986164063516810e-01 4.595674770320946068e-01 2.190440412552689675e-01 2.179999999999999993e-02 1.290000000000000001e-02 5.700000000000000205e-02
-2.745203729462492581e-01 -9.615353758772900994e-01 9.396050977452276645e-03 2.190440412552689675e-01 2.179999999999999993e-02 1.290000000000000001e-02 5.700000000000000205e-02
9.932581560143777244e-02 5.760553333019587940e-01 8.113535821881101562e-01 2.190440412552689675e-01 2.179999999999999993e-02 1.290000000000000001e-02 5.700000000000000205e-02
8.325556605130417509e-01 4.595746049198549676e-01 3.092608197952854132e-01 2.190440412552689675e-01 2.179999999999999993e-02 1.290000000000000001e-02 5.700000000000000205e-02
-4.016793240656935104e-01 8.642879079229999206e-01 3.027542449515969181e-01 2.190440412552689675e-01 2.179999999999999993e-02 1.290000000000000001e-02 5.700000000000000205e-02
8.664688527640681537e-01 -4.512335464941296115e-01 2.135884212874134547e-01 2.190440412552689675e-01 2.179999999999999993e-02 1.290000000000000001e-02 5.700000000000000205e-02
-2.331734424547422246e-01 -1.384274385490082138e-01 9.625320721880209485e-01 2.190440412552689675e-01 2.179999999999999993e-02 1.290000000000000001e-02 5.700000000000000205e-02
-1.839313927928884485e-01 7.619960873890585518e-01 -6.209115923777188684e-01 2.190440412552689675e-01 2.179999999999999993e-02 1.290000000000000001e-02 5.700000000000000205e-02
8.203446566749463820e-01 -2.356008342781742149e-01 -5.210824226092188871e-01 2.190440412552689675e-01 2.179999999999999993e-02 1.290000000000000001e-02 5.700000000000000205e-02
-5.822757634681886563e-01 6.486396765009358467e-02 -8.103996550950806066e-01 2.190440412552689675e-01 2.179999999999999993e-02 1.290000000000000001e-02 5.700000000000000205e-02
7.256395393920147541e-01 5.120986164063516810e-01 -4.595674770320946623e-01 2.190440412552689675e-01 2.179999999999999993e-02 1.290000000000000001e-02 5.700000000000000205e-02
2.745203729462491471e-01 9.615353758772900994e-01 -9.396050977452375524e-03 2.190440412552689675e-01 2.179999999999999993e-02 1.290000000000000001e-02 5.700000000000000205e-02
-9.932581560143780020e-02 -5.760553333019585720e-01 -8.113535821881102672e-01 2.190440412552689675e-01 2.179999999999999993e-02 1.290000000000000001e-02 5.700000000000000205e-02
-8.325556605130416399e-01 -4.595746049198550787e-01 -3.092608197952855242e-01 2.190440412552689675e-01 2.179999999999999993e-02 1.290000000000000001e-02 5.700000000000000205e-02
4.016793240656934549e-01 -8.642879079229999206e-01 -3.027542449515970291e-01 2.190440412552689675e-01 2.179999999999999993e-02 1.290000000000000001e-02 5.700000000000000205e-02
-8.664688527640681537e-01 4.512335464941295560e-01 -2.135884212874135657e-01 2.190440412552689675e-01 2.179999999999999993e-02 1.290000000000000001e-02 5.700000000000000205e-02
2.331734424547421691e-01 1.384274385490081860e-01 -9.625320721880209485e-01 2.190440412552689675e-01 2.179999999999999993e-02 1.290000000000000001e-02 5.700000000000000205e-02
1.839313927928883929e-01 -7.619960873890585518e-01 6.209115923777187573e-01 2.497486328536594469e-01 2.179999999999999993e-02 1.290000000000000001e-02 5.700000000000000205e-02
-8.203446566749462709e-01 2.356008342781741594e-01 5.210824226092189981e-01 2.497486328536594469e-01 2.179999999999999993e-02 1.290000000000000001e-02 5.700000000000000205e-02
5.822757634681886563e-01 -6.486396765009354304e-02 8.103996550950806066e-01 2.497486328536594469e-01 2.179999999999999993e-02 1.290000000000000001e-02 5.700000000000000205e-02
-7.256395393920148651e-01 -5.120986164063516810e-01 4.595674770320946068e-01 2.497486328536594469e-01 2.179999999999999993e-02 1.290000000000000001e-02 5.700000000000000205e-02
-2.745203729462492581e-01 -9.615353758772900994e-01 9.396050977452276645e-03 2.497486328536594469e-01 2.179999999999999993e-02 1.290000000000000001e-02 5.700000000000000205e-02
9.932581560143777244e-02 5.760553333019587940e-01 8.113535821881101562e-01 2.497486328536594469e-01 2.179999999999999993e-02 1.290000000000000001e-02 5.700000000000000205e-02
8.325556605130417509e-01 4.595746049198549676e-01 3.092608197952854132e-01 2.497486328536594469e-01 2.179999999999999993e-02 1.290000000000000001e-02 5.700000000000000205e-02
-4.016793240656935104e-01 8.642879079229999206e-01 3.027542449515969181e-01 2.497486328536594469e-01 2.179999999999999993e-02 1.290000000000000001e-02 5.700000000000000205e-02
8.664688527640681537e-01 -4.512335464941296115e-01 2.135884212874134547e-01 2.497486328536594469e-01 2.179999999999999993e-02 1.290000000000000001e-02 5.700000000000000205e-02
-2.331734424547422246e-01 -1.384274385490082138e-01 9.625320721880209485e-01 2.497486328536594469e-01 2.179999999999999993e-02 1.290000000000000001e-02 5.700000000000000205e-02
-1.839313927928884485e-01 7.619960873890585518e-01 -6.209115923777188684e-01 2.497486328536594469e-01 2.179999999999999993e-02 1.290000000000000001e-02 5.700000000000000205e-02
8.203446566749463820e-01 -2.356008342781742149e-01 -5.210824226092188871e-01 2.497486328536594469e-01 2.179999999999999993e-02 1.290000000000000001e-02 5.700000000000000205e-02
-5.822757634681886563e-01 6.486396765009358467e-02 -8.103996550950806066e-01 2.497486328536594469e-01 2.179999999999999993e-02 1.290000000000000001e-02 5.700000000000000205e-02
7.256395393920147541e-01 5.120986164063516810e-01 -4.595674770320946623e-01 2.497486328536594469e-01 2.179999999999999993e-02 1.290000000000000001e-02 5.700000000000000205e-02
2.745203729462491471e-01 9.615353758772900994e-01 -9.396050977452375524e-03 2.497486328536594469e-01 2.179999999999999993e-02 1.290000000000000001e-02 5.700000000000000205e-02
-9.932581560143780020e-02 -5.760553333019585720e-01 -8.113535821881102672e-01 2.497486328536594469e-01 2.179999999999999993e-02 1.290000000000000001e-02 5.700000000000000205e-02
-8.325556605130416399e-01 -4.595746049198550787e-01 -3.092608197952855242e-01 2.497486328536594469e-01 2.179999999999999993e-02 1.290000000000000001e-02 5.700000000000000205e-02
4.016793240656934549e-01 -8.642879079229999206e-01 -3.027542449515970291e-01 2.497486328536594469e-01 2.179999999999999993e-02 1.290000000000000001e-02 5.700000000000000205e-02
-8.664688527640681537e-01 4.512335464941295560e-01 -2.135884212874135657e-01 2.497486328536594469e-01 2.179999999999999993e-02 1.290000000000000001e-02 5.700000000000000205e-02
2.331734424547421691e-01 1.384274385490081860e-01 -9.625320721880209485e-01 2.497486328536594469e-01 2.179999999999999993e-02 1.290000000000000001e-02 5.700000000000000205e-02
