0.000000000000000000e+00 4.300000000000000000e+01
4.300000000000000000e+01 1.140000000000000000e+02
1.140000000000000000e+02 2.550000000000000000e+02
2.550000000000000000e+02 4.660000000000000000e+02
4.660000000000000000e+02 7.470000000000000000e+02
7.470000000000000000e+02 1.098000000000000000e+03
1.098000000000000000e+03 1.519000000000000000e+03
1.519000000000000000e+03 2.010000000000000000e+03
2.010000000000000000e+03 2.571000000000000000e+03
2.571000000000000000e+03 3.202000000000000000e+03
3.202000000000000000e+03 3.903000000000000000e+03
3.903000000000000000e+03 4.674000000000000000e+03
4.674000000000000000e+03 5.515000000000000000e+03
5.515000000000000000e+03 6.426000000000000000e+03
6.426000000000000000e+03 7.407000000000000000e+03
7.407000000000000000e+03 8.458000000000000000e+03
8.458000000000000000e+03 9.579000000000000000e+03
9.579000000000000000e+03 1.077000000000000000e+04
1.077000000000000000e+04 1.203100000000000000e+04
1.203100000000000000e+04 1.336200000000000000e+04
1.336200000000000000e+04 1.476300000000000000e+04
1.476300000000000000e+04 1.651400000000000000e+04
1.651400000000000000e+04 1.861500000000000000e+04
1.861500000000000000e+04 2.561600000000000000e+04
